0.0 -0.6 0.5 3.001 5.9
0.1200960768614892 -0.449382926247 2.06569569224 3.62084793338 4.36348477125
0.2401921537229784 -0.0957054159826 3.83020487042 4.04035553674 2.61358698188
0.3602882305844676 0.464973983321 5.45636857023 4.25332791119 0.978966275922
0.4803843074459568 1.19779045204 6.66108225314 4.29087630816 -0.278335773758
0.600480384307446 2.04200930579 7.29590663074 4.20490119814 -1.08053671999
0.7205764611689351 2.92410505753 7.27699098058 4.04681620721 -1.49710795968
0.8406725380304243 3.75909337848 6.48781561908 3.85648804059 -1.63271501631
0.9607686148919136 4.44628559317 4.80108407609 3.66321920318 -1.55304270954
1.0808646917534028 4.87721020338 2.25069339096 3.49069961765 -1.29360232439
1.200960768614892 4.96665152408 -0.795049328977 3.35725981898 -0.917431633471
1.3210568454763811 4.69172887937 -3.70673132679 3.27052796658 -0.536470867978
1.4411529223378703 4.10434853025 -5.93142328371 3.22411382598 -0.260608929162
1.5612489991993594 3.30327385273 -7.26219719013 3.20132965991 -0.148379071899
1.6813450760608486 2.39184683024 -7.80101958785 3.18100338435 -0.223270078274
1.801441152922338 1.45310153411 -7.74852426398 3.13891295191 -0.518683250785
1.9215372297838271 0.548520840433 -7.24808839453 3.04533007443 -1.09081320599
2.0416333066453163 -0.272425875596 -6.36236623919 2.86398484598 -1.98323208831
2.1617293835068057 -0.966191275929 -5.14256558961 2.5571842353 -3.16613970981
2.2818254603682946 -1.49892966683 -3.70846756663 2.09735887222 -4.49975999414
2.401921537229784 -1.85627862894 -2.25807282528 1.47891834421 -5.77080027039
2.522017614091273 -2.04877299725 -0.991191503389 0.721454258864 -6.7909900603
2.6421136909527623 -2.1064662361 -0.0232148089187 -0.138684534022 -7.47663191417
2.762209767814251 -2.06699789144 0.630386798336 -1.06166690948 -7.84606743668
2.8823058446757406 -1.96635912785 1.00072795213 -2.0128375021 -7.95417504784
3.00240192153723 -1.83745957496 1.09846968662 -2.96269442123 -7.82242656775
3.122497998398719 -1.71520843768 0.877529294843 -3.88033679576 -7.40435103847
3.2425940752602083 -1.64294056775 0.251550787259 -4.72583725096 -6.6042702501
3.362690152121697 -1.67317648697 -0.828683505087 -5.44847597996 -5.35543326475
3.4827862289831866 -1.85658762906 -2.26659549894 -5.99666648852 -3.72577991581
3.602882305844676 -2.22043164772 -3.77144613159 -6.3376865686 -1.95656804863
3.722978382706165 -2.74912189845 -4.94513195775 -6.47360176096 -0.357886162872
3.8430744595676543 -3.3807843145 -5.43878423541 -6.4390580602 0.862407163909
3.963170536429143 -4.01980932445 -5.04691608995 -6.28300309477 1.67343277719
4.083266613290633 -4.55571127759 -3.72965528786 -6.05006260513 2.161496716
4.2033626901521215 -4.88447707708 -1.6416001374 -5.77230978443 2.43685524983
4.323458767013611 -4.93380972478 0.846294026216 -5.46959828166 2.59049946103
4.4435548438751 -4.6852755714 3.23515498918 -5.15201890371 2.69568326032
4.563650920736589 -4.17805846336 5.1003293913 -4.82155952511 2.8143341451
4.683746997598078 -3.48914972496 6.25095066246 -4.47351643981 2.99549276397
4.803843074459568 -2.70375220642 6.7279749991 -4.09814861592 3.27403238516
4.923939151321057 -1.89365371118 6.69285838822 -3.68238851214 3.67012268431
5.044035228182546 -1.10956334347 6.32209759886 -3.21183529017 4.18472136406
5.164131305044036 -0.382790150658 5.75872482709 -2.67343607738 4.79375572631
5.2842273819055245 0.270117201957 5.10636271907 -2.05855806119 5.44862238531
5.4043234587670135 0.843057475728 4.43661983814 -1.36539175361 6.0868065842
5.524419535628502 1.33689125322 3.79435982292 -0.599634222696 6.64868068721
5.644515612489992 1.75639348977 3.20042701637 0.226782472579 7.09175348177
5.764611689351481 2.1076412129 2.65697914267 1.09814400976 7.39536407242
5.88470776621297 2.39635276354 2.1580309602 1.99731524164 7.554822669
6.00480384307446 2.62772914999 1.70332468539 2.90694857905 7.56894178065
6.124899919935949 2.80794535541 1.31112088276 3.8090703876 7.42637151788
6.244995996797438 2.94685069617 1.02454143816 4.68321605976 7.09603155687
6.365092073658927 3.06072706472 0.905053716088 5.50396465793 6.52783426072
6.4851881505204165 3.1731620151 1.00681995368 6.23953642754 5.67065292944
6.6052842273819055 3.31166252056 1.33276201792 6.85370257587 4.50855464382
6.725380304243394 3.49875251509 1.7918378493 7.31241302538 3.09841181556
6.845476381104884 3.73986467111 2.19487001899 7.59333161878 1.57488021964
6.965572457966373 4.01445261872 2.31285127958 7.69284101045 0.103736593873
7.085668534827862 4.27690483496 1.97374568899 7.62556017263 -1.18756015659
7.205764611689352 4.46853872574 1.14063306852 7.41689841511 -2.2488687637
7.325860688550841 4.53562430181 -0.0696700973608 7.09398066285 -3.09685740201
7.44595676541233 4.44568500987 -1.43210435232 6.6796489606 -3.78022879627
7.566052842273819 4.19552206905 -2.69996086195 6.19050621183 -4.3506012538
7.6861489191353085 3.80842408715 -3.69063490693 5.63756224949 -4.84815858584
7.806244995996797 3.32328019761 -4.32953055777 5.02792603277 -5.29751394703
7.926341072858286 2.78169709819 -4.64087375187 4.36666182823 -5.70848646349
8.046437149719775 2.21841562961 -4.70702599969 3.65838441185 -6.07946058557
8.166533226581265 1.65698795035 -4.62582601548 2.90835144825 -6.40220503933
8.286629303442755 1.10977999457 -4.48255305694 2.12295678376 -6.66676386148
8.406725380304243 0.580326696315 -4.33810032589 1.30970874999 -6.86494291046
8.526821457165733 0.0663985641994 -4.22798071748 0.476916607634 -6.9916393873
8.646917534027223 -0.437149997698 -4.16595785781 -0.366665101987 -7.04436291727
8.76701361088871 -0.936016344066 -4.14800812746 -1.21207725559 -7.02198364044
8.8871096877502 -1.43446849978 -4.15456076822 -2.05025212834 -6.92370268469
9.007205764611689 -1.93352453736 -4.15101010664 -2.87202373675 -6.74866668411
9.127301841473178 -2.42915650559 -4.08827616138 -3.66812041628 -6.49597457189
9.247397918334668 -2.91074049863 -3.90667564354 -4.4291492564 -6.16438772583
9.367493995196156 -3.36035035747 -3.54683234105 -5.14549156229 -5.75108528418
9.487590072057646 -3.75389110965 -2.96935373051 -5.80698325447 -5.24934835946
9.607686148919136 -4.06497806001 -2.17951005535 -6.4022816624 -4.6458571362
9.727782225780624 -4.27152706051 -1.24523513788 -6.91795926353 -3.91917614737
9.847878302642114 -4.36331654039 -0.292945964333 -7.3376048015 -3.04186267839
9.967974379503604 -4.34723022863 0.52700581609 -7.64154691623 -1.98922617363
10.088070456365092 -4.24691587641 1.09544259516 -7.80812728429 -0.756254783266
10.208166533226581 -4.09586476185 1.37372997865 -7.81729906972 0.622207567952
10.328262610088071 -3.92637370547 1.41910037305 -7.65616365017 2.06228028242
10.44835868694956 -3.75941971316 1.35446083318 -7.32416437087 3.44737303704
10.568454763811049 -3.60019294875 1.30939934965 -6.83483051838 4.66663296627
10.688550840672539 -3.44066290532 1.36827178392 -6.21274968144 5.6510886954
10.808646917534027 -3.26646503122 1.55243786224 -5.48757396784 6.38478206292
10.928742994395517 -3.0637801508 1.83593437857 -4.68832050732 6.89050498178
11.048839071257005 -2.82328288017 2.17477680691 -3.84012508306 7.20633599758
11.168935148118495 -2.54072771887 2.53147248611 -2.96359386726 7.36741956424
11.289031224979984 -2.21530455741 2.88730243778 -2.07575183069 7.39763609349
11.409127301841473 -1.8472238406 3.24347363293 -1.19147934189 7.30923091847
11.529223378702962 -1.43563504823 3.61505965517 -0.324680703331 7.10718996818
11.649319455564452 -0.977523148602 4.02118208063 0.51123391796 6.79601094069
11.76941553242594 -0.467891694113 4.4738555792 1.30373151156 6.38691345458
11.88951160928743 0.0987278520832 4.96724507563 2.04231024291 5.90306520878
12.00960768614892 0.725560158905 5.46844403934 2.72002750211 5.38015356393
12.129703763010408 1.40987740527 5.91016080151 3.33472708728 4.86080182511
12.249799839871898 2.13852608339 6.18542506538 3.8892936465 4.38447536223
12.369895916733388 2.88308589419 6.14800791218 4.39063904463 3.97734163408
12.489991993594876 3.59599278229 5.63096885137 4.84770012696 3.6464928318
12.610088070456365 4.21092596507 4.50173450106 5.26907278209 3.3793719417
12.730184147317853 4.65224782752 2.75461719783 5.66075584463 3.14561480635
12.850280224179343 4.85561488291 0.591017628808 6.02411745246 2.89867929997
12.970376301040833 4.79311071945 -1.59811508649 6.35400726288 2.57652118142
13.090472377902321 4.48858899915 -3.37107755748 6.6368154373 2.09974139647
13.210568454763811 4.01344591688 -4.40056632601 6.8482574217 1.3708009614
13.3306645316253 3.4667194238 -4.55992533223 6.95214699975 0.296280476988
13.450760608486789 2.94996584599 -3.93178440646 6.90444877791 -1.14710752102
13.570856685348279 2.54332477636 -2.78335006217 6.66648149026 -2.83874437429
13.690952762209768 2.28711250377 -1.49180740578 6.22284758174 -4.52395605455
13.811048839071256 2.17665461911 -0.403089860733 5.590874169 -5.9387814524
13.931144915932746 2.17435349122 0.293536595732 4.81302451919 -6.94369684199
14.051240992794236 2.23058909278 0.579241229057 3.93918531283 -7.54812574866
14.171337069655724 2.29991505466 0.525942183047 3.01265260189 -7.83655898645
14.291433146517214 2.34643439224 0.209313547932 2.06648778013 -7.88371166175
14.411529223378704 2.34117297384 -0.333854168849 1.12770585422 -7.71291200785
14.531625300240192 2.25726317438 -1.10142210582 0.223509051677 -7.3019788606
14.651721377101682 2.06767147541 -2.09100780186 -0.615352410255 -6.62234470057
14.77181745396317 1.74784011029 -3.25768974564 -1.35691478163 -5.69040108957
14.89191353082466 1.28230374453 -4.49542473182 -1.97567339545 -4.59903367085
15.01200960768615 0.670907246687 -5.6630629575 -2.46126413639 -3.50003866472
15.132105684547637 -0.0700447390801 -6.63566377143 -2.82215653471 -2.54377918617
15.252201761409127 -0.911783865813 -7.3305279274 -3.08173937737 -1.82166973001
15.372297838270617 -1.81698995475 -7.67938374796 -3.26985383362 -1.35139863583
15.492393915132105 -2.73813366928 -7.57148024301 -3.41524077222 -1.10334557388
15.612489991993595 -3.61015630563 -6.82738023265 -3.54216116589 -1.03786283574
15.732586068855085 -4.34503332167 -5.26486755106 -3.67056900244 -1.12317615266
15.852682145716573 -4.84089710106 -2.86890377048 -3.8165165073 -1.32165105285
15.972778222578063 -5.01277904082 0.0500112578553 -3.98985334911 -1.5649434227
16.09287429943955 -4.83117109956 2.9128347554 -4.19046216528 -1.7603159564
16.21297037630104 -4.33800142547 5.16510148951 -4.40752222928 -1.82819316705
16.33306645316253 -3.62652877979 6.52834015712 -4.62224074411 -1.71220761746
16.45316253002402 -2.8060673363 6.99250777015 -4.80866414856 -1.34192340694
16.57325860688551 -1.97900036525 6.65673569471 -4.93008117823 -0.610200801642
16.693354683746996 -1.23468154241 5.63550466007 -4.93695129215 0.573645429474
16.813450760608486 -0.646189993821 4.09955114665 -4.77543481428 2.17149826122
16.933546837469976 -0.258975522936 2.34219692204 -4.40791390677 3.95172616059
17.053642914331466 -0.0779401401421 0.722949044876 -3.83253928229 5.5783827292
17.173738991192955 -0.0690160210204 -0.496031382945 -3.0845172975 6.80031113704
17.293835068054445 -0.178159001235 -1.24724231337 -2.21797175636 7.55713715772
17.41393114491593 -0.35278315292 -1.60396700772 -1.28486617522 7.92684416885
17.53402722177742 -0.5514531468 -1.65925984884 -0.325545224518 8.00576253496
17.65412329863891 -0.740430768527 -1.43931822594 0.627687249106 7.82252224774
17.7742193755004 -0.883848427565 -0.885314662093 1.54059646369 7.31882552066
17.89431545236189 -0.935901608671 0.0952671191508 2.36882562258 6.39800806962
18.014411529223377 -0.842893041849 1.52103890921 3.05921921542 5.03046064254
18.134507606084867 -0.558657328012 3.23840089297 3.56454986811 3.35528981093
18.254603682946357 -0.0656204006342 4.94173441449 3.86467720234 1.66888055387
18.374699759807847 0.615299553252 6.32514537136 3.97722116473 0.271957340872
18.494795836669336 1.43354496049 7.21070888499 3.9477897651 -0.686780124735
18.614891913530826 2.3243755066 7.52407618595 3.82900373284 -1.22984286016
18.734987990392312 3.21454567282 7.17956102666 3.66502658919 -1.45630266269
18.855084067253802 4.0164923851 6.02749655458 3.48864568102 -1.44524715261
18.975180144115292 4.62521723932 3.95793529305 3.32604959811 -1.23039302054
19.095276220976782 4.93570499801 1.11633649592 3.19990407261 -0.848260362883
19.21537229783827 4.88253346069 -1.98960550431 3.12528357198 -0.393248432303
19.33546837469976 4.47395973719 -4.70088033322 3.10302186936 0.00262491946682
19.455564451561248 3.7872496377 -6.58108642529 3.11961962672 0.243633416285
19.575660528422738 2.92918346479 -7.57113534433 3.1539169531 0.294669958729
19.695756605284227 1.99752187732 -7.84161002224 3.18204137277 0.13577311019
19.815852682145717 1.06702009194 -7.5757288782 3.17620613238 -0.281864741359
19.935948759007207 0.195497402355 -6.86790598491 3.10118101627 -1.02692737331
20.056044835868693 -0.566393247476 -5.75689815124 2.91514589297 -2.1277806446
20.176140912730183 -1.17424310782 -4.32465497848 2.57897707641 -3.50203521353
20.296236989591673 -1.59969696979 -2.75869286839 2.07121033616 -4.94410496804
20.416333066453163 -1.84143124864 -1.30473816789 1.3986334671 -6.20963297491
20.536429143314653 -1.92525842216 -0.150195667116 0.593443748764 -7.13688948497
20.656525220176142 -1.89208128017 0.643598865611 -0.30080140598 -7.69767934308
20.77662129703763 -1.78383474965 1.10886229174 -1.24310029533 -7.94909698243
20.89671737389912 -1.63704928556 1.28971660887 -2.20005679671 -7.94703089224
21.01681345076061 -1.48564695917 1.17860018699 -3.14160395544 -7.68475650531
21.136909527622098 -1.36848816886 0.703842916258 -4.03235868459 -7.08397849868
21.257005604483588 -1.33464589358 -0.218840016062 -4.82559583925 -6.04838980368
21.377101681345078 -1.43886343965 -1.57963566693 -5.46713884669 -4.56973686546
21.497197758206564 -1.72390116803 -3.18005887609 -5.91201364762 -2.81670940415
21.617293835068054 -2.1977078824 -4.65545269055 -6.14511024342 -1.09813190482
21.737389911929544 -2.82148027188 -5.61981535823 -6.18870066453 0.303931950167
21.857485988791034 -3.51579763849 -5.79590725066 -6.0895723292 1.27554856295
21.977582065652523 -4.1763669851 -5.04623361071 -5.89770521256 1.86489467605
22.09767814251401 -4.69093860169 -3.38102605911 -5.65244442337 2.18367180542
22.2177742193755 -4.96000550706 -1.01315987134 -5.37995479097 2.33299930567
22.33787029623699 -4.92348331477 1.62118894337 -5.09568447442 2.39195788604
22.45796637309848 -4.58119938756 3.99618426478 -4.80624962111 2.43005817495
22.57806244995997 -3.9898120529 5.72703293773 -4.51038618299 2.50805130905
22.69815852682146 -3.23631102514 6.69847099414 -4.20035004934 2.67267329615
22.818254603682945 -2.40739765763 7.01029190947 -3.86360249353 2.95753359169
22.938350680544435 -1.57160902265 6.84384805726 -3.48429312229 3.3836491014
23.058446757405925 -0.775916359038 6.36713443369 -3.04513363377 3.9522000851
23.178542834267414 -0.0495908360358 5.70647152605 -2.5303966633 4.6347880834
23.298638911128904 0.591110322781 4.95462583327 -1.92967074169 5.3722647347
23.41873498799039 1.1396853701 4.18252528052 -1.24090572811 6.08778599685
23.53883106485188 1.5969992421 3.44163406217 -0.471239056091 6.70902507922
23.65892714171337 1.96879990108 2.76152675354 0.364781243793 7.1871754914
23.77902321857486 2.26314160502 2.15217995173 1.24851416285 7.50238966843
23.89911929543635 2.48861242899 1.61491420054 2.16026089387 7.65439456536
24.01921537229784 2.65423478672 1.15841564124 3.080587524 7.64464540126
24.139311449159326 2.7712644791 0.813005137449 3.98941160319 7.4582707268
24.259407526020816 2.85619939998 0.635152814268 4.86331394523 7.05402839376
24.379503602882306 2.93331337007 0.69356827035 5.67257159319 6.37125889693
24.499599679743795 3.03404277713 1.03028587309 6.38046070339 5.3613653768
24.619695756605285 3.19046450068 1.60461224911 6.94761754533 4.03738531783
24.739791833466775 3.4226467643 2.25509700637 7.3418852241 2.50816453304
24.85988791032826 3.72490677002 2.72529592846 7.54910630195 0.954905516302
24.97998398718975 4.05959817291 2.75863424737 7.57740028328 -0.447530016252
25.10008006405124 4.3638946021 2.20813633142 7.45163421789 -1.60289748951
25.22017614091273 4.56740543649 1.09965964286 7.2025581291 -2.506286952
25.34027221777422 4.61325071133 -0.374479100285 6.85772315981 -3.20823858465
25.460368294635707 4.47438885631 -1.92571080696 6.43741724545 -3.77362240815
25.580464371497197 4.15889727801 -3.27611697004 5.95452576092 -4.25856977039
25.700560448358686 3.70274571818 -4.25018844191 5.41615252464 -4.70269232688
25.820656525220176 3.15492267896 -4.80597212268 4.8257117437 -5.12788186989
25.940752602081666 2.56272363048 -5.00525653028 4.18499350543 -5.53969570757
26.060848678943156 1.96254667211 -4.95855665511 3.49593675669 -5.9308603484
26.180944755804642 1.37701782987 -4.7786244575 2.76186067883 -6.28667031867
26.301040832666132 0.816468338565 -4.5549151781 1.9879960288 -6.59092421809
26.421136909527622 0.282340931149 -4.34576606846 1.1813713864 -6.83042723587
26.54123298638911 -0.22914278707 -4.18061722594 0.350314101956 -6.99680801224
26.6613290632506 -0.723851229729 -4.06587665837 -0.496107598271 -7.08583800056
26.78142514011209 -1.20733391191 -3.99065816784 -1.34846895209 -7.09544319123
26.901521216973578 -1.68300494596 -3.93080788097 -2.1971230564 -7.02371747962
27.021617293835067 -2.15071518288 -3.85149368156 -3.03213711107 -6.86766378212
27.141713370696557 -2.60562153539 -3.71002605219 -3.8431236819 -6.62266434089
27.261809447558047 -3.03753527929 -3.4613578321 -4.61903109496 -6.28221685441
27.381905524419537 -3.43120697299 -3.068371749 -5.34788927289 -5.83740723219
27.502001601281023 -3.76812795388 -2.51658357819 -6.01646958496 -5.2760381669
27.622097678142513 -4.03016220587 -1.82866439597 -6.6098494898 -4.58211329815
27.742193755004003 -4.20447625617 -1.06983936822 -7.11101398996 -3.73730937578
27.862289831865493 -4.28811080612 -0.335563782877 -7.50086148555 -2.72658101602
27.982385908726982 -4.2899071818 0.279343842684 -7.75920387368 -1.54909390211
28.102481985588472 -4.22815045204 0.718181544009 -7.86729819774 -0.231897050494
28.22257806244996 -4.12432814098 0.986084039536 -7.81179595682 1.16189405223
28.34267413931145 -3.99572753238 1.14425588276 -7.58882768788 2.54029125273
28.462770216172938 -3.85048815713 1.27685412351 -7.20616409327 3.80640833382
28.582866293034428 -3.68731223666 1.45112564251 -6.68204704268 4.88683195456
28.702962369895918 -3.4991273455 1.69429004434 -6.04123272245 5.74752417289
28.823058446757408 -3.27800826104 1.99543712871 -5.31026178864 6.39101660707
28.943154523618894 -3.01875278269 2.32373614518 -4.51388371721 6.8417925068
29.063250600480384 -2.72001904342 2.64865500952 -3.67339339882 7.13063675691
29.183346677341873 -2.38341428119 2.95299716984 -2.8065635956 7.28422513673
29.303442754203363 -2.01157140906 3.23688003752 -1.92845285292 7.32079131091
29.423538831064853 -1.60618673622 3.51492501967 -1.05244558644 7.2502807451
29.54363490792634 -1.16664891192 3.80961577749 -0.191090244126 7.07735628355
29.66373098478783 -0.689594906937 4.14276713084 0.643540705459 6.80618507831
29.78382706164932 -0.169553764006 4.52609225946 1.4401213864 6.44589419856
29.90392313851081 0.399261367386 4.95152756811 2.18895035378 6.01493701842
30.0240192153723 1.02001887055 5.38209852644 2.88317606991 5.54209655925
30.14411529223379 1.68931925022 5.74435364232 3.51985192737 5.06254696468
30.264211369095275 2.39252423085 5.92446453495 4.1002445677 4.60972710764
30.384307445956765 3.09910891737 5.77398893147 4.62907256786 4.20631777126
30.504403522818254 3.75987953036 5.13782430086 5.11280172291 3.85806221014
30.624499599679744 4.30957326515 3.91688145395 5.55745340764 3.55179161711
30.744595676541234 4.67872452733 2.15435876106 5.96635956028 3.2560818472
30.864691753402724 4.81472028488 0.0897352786155 6.33803846807 2.9223290031
30.98478783026421 4.70377016647 -1.88734651447 6.66414643952 2.48468769632
31.1048839071257 4.38106743731 -3.37777826883 6.92733768778 1.85916096907
31.22497998398719 3.92287439433 -4.11534075192 7.09940238171 0.952198227198
31.34507606084868 3.42554846401 -4.03681798054 7.14210932896 -0.299525906241
31.46517213771017 2.98036304908 -3.28709052942 7.01493209932 -1.85900461027
31.585268214571656 2.65059588602 -2.1751702429 6.69026095987 -3.54858745158
31.705364291433145 2.45769921808 -1.0651604938 6.16778320071 -5.11039849269
31.825460368294635 2.38335871135 -0.233722443897 5.47633765085 -6.33872102463
31.945556445156125 2.38579692173 0.208689408516 4.66151481397 -7.16536695179
32.065652522017615 2.41887776145 0.287883617878 3.76952129308 -7.63718295328
32.1857485988791 2.44357402238 0.08241846778 2.83796861665 -7.83699453971
32.305844675740595 2.42995014309 -0.342313367844 1.89572120314 -7.82066020746
32.42594075260208 2.35378671247 -0.95691268054 0.96774984276 -7.59734499464
32.546036829463574 2.19273265574 -1.75546489781 0.0800251621543 -7.14630487746
32.66613290632506 1.92526636981 -2.72431409782 -0.739042271801 -6.45477639618
32.78622898318655 1.53353439915 -3.8124580268 -1.46201759189 -5.55706900008
32.90632506004804 1.00852048235 -4.92549624157 -2.06935713383 -4.54958159655
33.026421136909526 0.35402425122 -5.95032314845 -2.55577066891 -3.56607100187
33.14651721377102 -0.413178441306 -6.7881069587 -2.93176706576 -2.72719760634
33.266613290632506 -1.26580185357 -7.36016063592 -3.21939719178 -2.10044569568
33.38670936749399 -2.1668396843 -7.57575296585 -3.44517360057 -1.69471644637
33.506805444355486 -3.06548962433 -7.29099225444 -3.63424870979 -1.48349646384
33.62690152121697 -3.89030126697 -6.31365774101 -3.80789580742 -1.43224477367
33.746997598078465 -4.54830240992 -4.5028024401 -3.98333845367 -1.5073512586
33.86709367493995 -4.94134255133 -1.94206684771 -4.17317919676 -1.66210377723
33.98718975180144 -5.00073628696 0.962365791146 -4.38285951246 -1.82387765565
34.10728582866293 -4.72017705164 3.62175322584 -4.60821016538 -1.91012426147
34.22738190552442 -4.16009221329 5.5604294404 -4.83588140696 -1.85228242548
34.34747798238591 -3.4215468152 6.58375072501 -5.04471270656 -1.58335062616
34.4675740592474 -2.6146272325 6.71246509746 -5.20388330826 -1.00617833112
34.58767013610889 -1.84101693539 6.04922689674 -5.2695210705 -0.0102129412094
34.70776621297038 -1.18739622194 4.74665990937 -5.18807403849 1.43540685959
34.82786228983186 -0.716314331012 3.06330305485 -4.91249064814 3.18108761124
34.947958366693356 -0.452355760601 1.36038538988 -4.42447511858 4.91510871083
35.06805444355484 -0.376932225984 -0.0336100719027 -3.74495935306 6.32965119972
35.188150520416336 -0.441669233416 -0.965474401241 -2.92289927579 7.28201998063
35.30824659727782 -0.591287048596 -1.46139722063 -2.01314540224 7.80525346917
35.42834267413931 -0.779187125753 -1.61863824086 -1.06115341881 8.00185498353
35.5484387510008 -0.969051463566 -1.49755682383 -0.101528528801 7.93640574975
35.66853482786229 -1.12691907308 -1.07520593754 0.833881342067 7.58804988718
35.78863090472378 -1.2118930569 -0.268520246196 1.70627122959 6.8706478031
35.90872698158527 -1.17354858665 0.979675237404 2.46644825154 5.71540157735
36.028823058446754 -0.961778633999 2.59129043967 3.06365130908 4.18158010338
36.14891913530825 -0.546456148492 4.31751540519 3.46488873566 2.50226680396
36.269015212169734 0.0671563753246 5.84506820197 3.67141416399 0.987765240019
36.38911128903123 0.840435310775 6.95178722803 3.71774903834 -0.143299298731
36.50920736589271 1.71639028198 7.54687027949 3.65432376478 -0.845654317784
36.62930344275421 2.63058073466 7.5758159044 3.52883295738 -1.19353821329
36.74939951961569 3.50862436449 6.91746973056 3.37813781491 -1.27751216544
36.86949559647718 4.25756722909 5.40026081273 3.23063389721 -1.14430893711
36.98959167333867 4.76893594393 2.97629884723 3.11122040221 -0.814330149651
37.10968775020016 4.9472367652 -0.0649560058973 3.04063285775 -0.347266176424
37.22978382706165 4.75333796536 -3.10608272331 3.02826947772 0.131077719626
37.34987990392314 4.22642352723 -5.52928879918 3.06722778839 0.489843582374
37.469975980784625 3.46195375003 -7.04810640602 3.13835477747 0.661318521839
37.59007205764612 2.56747915807 -7.72288315732 3.21784560647 0.626723784163
37.710168134507605 1.632937422 -7.74681101607 3.27946232345 0.355069156867
37.8302642113691 0.726982544987 -7.26205419476 3.29085360304 -0.223461273588
37.950360288230584 -0.0931856407909 -6.32324690818 3.21059656199 -1.17867243051
38.07045636509207 -0.775466269882 -4.97983277288 2.99296954427 -2.49774421006
38.190552441953564 -1.27885177981 -3.37957782332 2.60220917958 -4.02383995488
38.31064851881505 -1.58718872726 -1.77863339692 2.02876920201 -5.49357696785
38.43074459567654 -1.71636795015 -0.430410840609 1.2946727832 -6.669223109
38.55084067253803 -1.70611181404 0.534546322477 0.442893122708 -7.44949872859
38.67093674939952 -1.60315369996 1.12223999414 -0.480004282667 -7.86569251314
38.79103282626101 -1.44907308544 1.39610544401 -1.43493952282 -7.99440440703
38.911128903122496 -1.27895548884 1.38913429285 -2.3902176546 -7.87092274665
39.03122497998399 -1.12816084917 1.06174114251 -3.31369605788 -7.4511174515
39.151321056845475 -1.04043885224 0.32305958457 -4.16404207395 -6.63566003351
39.27141713370697 -1.06943844573 -0.881732665724 -4.88882123199 -5.358062225
39.391513210568455 -1.26726794024 -2.45506225075 -5.43544234515 -3.69849108473
39.51160928742994 -1.66224714531 -4.10289714346 -5.77227869628 -1.91915122087
39.631705364291435 -2.24002018784 -5.43522653931 -5.90479684491 -0.344839542528
39.75180144115292 -2.9417443978 -6.12267336673 -5.87183752323 0.818474433484
39.871897518014414 -3.6765666471 -5.96252175278 -5.72553884043 1.55271767108
39.9919935948759 -4.33619546618 -4.86496032011 -5.51219279151 1.95472624729
40.11208967173739 -4.80928356771 -2.88075947765 -5.26485028919 2.13528575341
40.23218574859888 -5.00332693059 -0.285286148286 -5.00475358128 2.17956869633
40.352281825460366 -4.87319253278 2.42408267038 -4.74390404172 2.15971971651
40.47237790232186 -4.43805918721 4.71711100079 -4.48575233942 2.14582557671
40.592473979183346 -3.77014218085 6.27205613139 -4.22584515772 2.19749063
40.71257005604484 -2.96277551162 7.05341785888 -3.95355214045 2.35823612599
40.832666132906326 -2.10111432684 7.20757447509 -3.65373143107 2.66069220738
40.95276220976781 -1.24916025748 6.9208850177 -3.30787154739 3.12740058301
41.072858286629305 -0.450324400421 6.34407878664 -2.895884448 3.75948420292
41.19295436349079 0.267384413077 5.58537676927 -2.39957936086 4.52245059808
41.313050440352285 0.887401338439 4.73056429251 -1.80725333253 5.34396531141
41.43314651721377 1.40284696596 3.85581555341 -1.11739173468 6.13099528569
41.55324259407526 1.81528557289 3.02394402255 -0.339441049931 6.7991004244
41.67333867093675 2.13252511675 2.27493882999 0.508802408026 7.29621950646
41.79343474779824 2.3657087185 1.62545896495 1.40556332286 7.60702234144
41.91353082465973 2.52716632897 1.08163293296 2.32874111336 7.7377075293
42.03362690152122 2.63031359935 0.658701489809 3.25705147965 7.69148166376
42.1537229783827 2.69179450541 0.396941663783 4.16828201166 7.44694015816
42.273819055244196 2.73477038446 0.363062322329 5.03568688801 6.95046264711
42.39391513210568 2.79095016557 0.626058479816 5.82487287178 6.13389193265
42.514011208967176 2.89788078995 1.20319072672 6.49466311069 4.96240812354
42.63410728582866 3.08880052395 1.9965640491 7.00469940937 3.4925176706
42.754203362690156 3.37685235109 2.77261392222 7.32811131993 1.88881632191
42.87429943955164 3.74178857642 3.22639840707 7.46156806336 0.362803237094
42.99439551641313 4.12849894554 3.10335308847 7.42486507337 -0.927060677698
43.11449159327462 4.45981871963 2.30335499615 7.2505049779 -1.929954103
43.23458767013611 4.65821238507 0.921304965859 6.97136999874 -2.68253335366
43.3546837469976 4.66818647841 -0.780860971126 6.61329328457 -3.25731110312
43.47477982385909 4.47143497333 -2.46528816967 6.19323106755 -3.72558083755
43.594875900720574 4.08857616581 -3.84156954392 5.72043793761 -4.14328159137
43.71497197758207 3.5673696065 -4.75714751329 5.19853903133 -4.5480954439
43.83506805444355 2.96463231895 -5.20920785454 4.62774256558 -4.95929623021
43.95516413130505 2.33089599339 -5.29418179992 4.00700372062 -5.37879254599
44.07526020816653 1.70243915855 -5.14322151964 3.33594530182 -5.7943377242
44.19535628502802 1.10011323807 -4.87676897404 2.61623243719 -6.18527738869
44.31545236188951 0.532093495905 -4.58372534722 1.85216801408 -6.52945992599
44.435548438751 -0.00198513818368 -4.31771438063 1.05051197089 -6.80881285461
44.55564451561249 -0.507022783176 -4.10177122772 0.219811165036 -7.01176136385
44.67574059247398 -0.989219176344 -3.93577868695 -0.630360092185 -7.1324275248
44.79583666933547 -1.4537330361 -3.803600652 -1.48993345606 -7.16794895262
44.91593274619696 -1.90311666026 -3.67877984091 -2.34852772739 -7.11553200739
45.036028823058444 -2.33635492243 -3.5291095824 -3.19531568604 -6.97026378268
45.15612489991994 -2.74844698293 -3.32126696705 -4.01869094096 -6.72397124575
45.276220976781424 -3.13061630684 -3.02688618899 -4.80585092774 -6.36491047057
45.39631705364292 -3.47136786958 -2.63046889358 -5.54238059891 -5.87807407964
45.516413130504404 -3.75853075243 -2.13742726985 -6.21191572389 -5.24629280522
45.63650920736589 -3.98207999191 -1.57816070156 -6.79602353239 -4.45292985855
45.75660528422738 -4.13695759842 -1.00324763151 -7.2745593628 -3.48728961028
45.87670136108887 -4.22465648458 -0.467840018264 -7.62686319479 -2.35309072199
45.99679743795036 -4.25248686955 -0.0101372777683 -7.83406577488 -1.07781437415
46.11689351481185 -4.23045103911 0.364821477194 -7.8823079691 0.282530869711
46.236989591673336 -4.16707212131 0.685052470864 -7.76594030312 1.64926260609
46.35708566853483 -4.06635129456 0.99385693967 -7.48930416632 2.93817967553
46.477181745396315 -3.92740966679 1.3254079281 -7.06612553477 4.08039292218
46.59727782225781 -3.74668259298 1.6889621797 -6.51673993497 5.0359447962
46.717373899119295 -3.521051016 2.0691543233 -5.86442991754 5.79492360668
46.83746997598078 -3.25013054882 2.43837815923 -5.13225861642 6.36905877889
46.957566052842274 -2.93682730997 2.77166622606 -4.34114635032 6.78051861393
47.07766212970376 -2.58635189575 3.05667670598 -3.50919506787 7.05286896702
47.197758206565254 -2.20445808559 3.29666628496 -2.65187675828 7.20575852621
47.31785428342674 -1.79567318316 3.50810951492 -1.78265678671 7.25282353742
47.437950360288234 -1.36200220688 3.71555379587 -0.913722485349 7.20189905902
47.55804643714972 -0.902325399812 3.94539484539 -0.0565784021016 7.05698016965
47.678142514011206 -0.412580548672 4.21903487726 0.777683188533 6.82160476402
47.7982385908727 0.113184553538 4.54521444885 1.5785778442 6.50305402152
47.918334667734186 0.680789273939 4.9114964329 2.33691226465 6.11602320819
48.03843074459568 1.29285009286 5.27561018016 3.04578130602 5.68381151158
48.158526821457166 1.94474785252 5.55842856999 3.70147360759 5.23546653943
48.27862289831865 2.6200178946 5.64230106505 4.30378935261 4.7990816021
48.398718975180145 3.28621298681 5.38227176228 4.85543724213 4.39371100416
48.51881505204163 3.89346576769 4.64169358384 5.36054060866 4.0231073084
48.638911128903125 4.37916317938 3.35794982383 5.82259517978 3.67284941468
48.75900720576461 4.68148551846 1.61748771376 6.24225163404 3.31004757168
48.8791032826261 4.75979399115 -0.315797386032 6.61512479038 2.88375233179
48.99919935948759 4.61296440534 -2.06687672033 6.92962392709 2.32494396321
49.11929543634908 4.28487189245 -3.28544628592 7.16489060517 1.54965455888
49.23939151321057 3.85356841498 -3.76805319309 7.28995216432 0.479237749709
49.35948759007206 3.40954933483 -3.51468852494 7.26712676696 -0.908670311705
49.47958366693355 3.03113754509 -2.72204130231 7.06252230655 -2.5214607306
49.599679743795036 2.76436031779 -1.71395017801 6.66077453067 -4.15123849038
49.71977582065652 2.61495431255 -0.813975226823 6.07417567847 -5.56583681643
49.839871897518016 2.55617075976 -0.225204941323 5.33843113983 -6.62218568253
49.9599679743795 2.54628911539 0.00295577847326 4.49866981638 -7.3042812453
50.080064051240996 2.54446294616 -0.078360581597 3.59644435602 -7.67569338833
50.20016012810248 2.51819127514 -0.392256995085 2.66449302434 -7.80942720265
50.32025620496397 2.44321397997 -0.882961583707 1.72853553875 -7.74558115489
50.44035228182546 2.30002912152 -1.52617838872 0.811874644471 -7.48602836048
50.56044835868695 2.07083356211 -2.31405047423 -0.0610740625491 -7.01529038946
50.68054443554844 1.73906909721 -3.22931066591 -0.864628368844 -6.33340741507
50.80064051240993 1.29192802433 -4.22462547839 -1.57553029432 -5.48395175671
50.920736589271414 0.724277204706 -5.22125300779 -2.17877424154 -4.55899122826
51.04083266613291 0.0414608227333 -6.12732768954 -2.67218424406 -3.6738583826
51.16092874299439 -0.740358929694 -6.85618562797 -3.06679654709 -2.92670678572
51.28102481985589 -1.59482791842 -7.32143720496 -3.38284106418 -2.36984961336
51.40112089671737 -2.48381105127 -7.40751248997 -3.64386982046 -2.00823523456
51.521216973578866 -3.35218754994 -6.94628954193 -3.87208632919 -1.81834427859
51.64131305044035 -4.12271408285 -5.7503241943 -4.08621079287 -1.76798444419
51.76140912730184 -4.70023038174 -3.73578420573 -4.3008657734 -1.8200619827
51.88150520416333 -4.99394576072 -1.08086097891 -4.5253814395 -1.92149199012
52.00160128102482 -4.95294210411 1.74284643204 -4.76148195848 -2.00011925091
52.12169735788631 -4.59159703195 4.1667308408 -5.00188699456 -1.9814940529
52.2417934347478 -3.98445309583 5.79278819215 -5.23078793417 -1.79657504447
52.361889511609284 -3.23772181469 6.48769797859 -5.4233678746 -1.35956474602
52.48198558847078 -2.46184888094 6.29330568353 -5.54270014356 -0.557457336352
52.602081665332264 -1.75682227058 5.33490169498 -5.53914646266 0.692359126842
52.72217774219376 -1.20250169394 3.83014822882 -5.36048651667 2.33261466975
52.842273819055244 -0.845278544349 2.11649893304 -4.9730232353 4.1156932715
52.96236989591673 -0.687355859077 0.567590217681 -4.37967414047 5.70923422218
53.08246597277822 -0.692093910824 -0.567608200672 -3.61878636762 6.8832692118
53.20256204963971 -0.804917347764 -1.23829316588 -2.74493602473 7.59780865383
53.3226581265012 -0.974021397276 -1.52184519071 -1.80883819038 7.93803374157
53.44275420336269 -1.15851172482 -1.50457889078 -0.849459388155 7.99645706602
53.56285028022418 -1.32423472626 -1.20538933677 0.101593818756 7.7957834642
53.68294635708567 -1.43453149997 -0.568030391475 1.01039082652 7.2783432544
53.803042433947155 -1.44406085111 0.481375305483 1.8336293325 6.35958227812
53.92313851080865 -1.30259614567 1.93237326933 2.52119124577 5.02890619937
54.043234587670135 -0.970515244106 3.61380160569 3.03076539256 3.43423825297
54.16333066453163 -0.437020820415 5.23562682415 3.34672450078 1.85549529
54.283426741393114 0.27394235118 6.53524429717 3.48802121585 0.560664626644
54.4035228182546 1.11431380289 7.37898091122 3.49799105286 -0.324904873733
54.523618895116094 2.02626418652 7.72059558978 3.42548260983 -0.825326176174
54.64371497197758 2.94576582334 7.48475768143 3.3116355812 -1.0279741757
54.763811048839074 3.79443613979 6.50867264902 3.1877632869 -0.999266902421
54.88390712570056 4.47267467826 4.63019169364 3.07993354991 -0.762927886993
55.004003202562046 4.87218714164 1.90693210253 3.01180117152 -0.347058881171
55.12409927942354 4.91404850875 -1.22340781701 3.00015029499 0.15615307935
55.244195356285026 4.58909148341 -4.09097300583 3.04707601375 0.604940999002
55.36429143314652 3.96320147349 -6.1790932194 3.13878794332 0.890003151403
55.484387510008006 3.14199996926 -7.35051272366 3.25268039674 0.971775064818
55.6044835868695 2.22897167234 -7.74082649559 3.36340309549 0.832313453033
55.724579663730985 1.30667975523 -7.52905240082 3.44164808549 0.417995937886
55.84467574059247 0.440710597755 -6.81150335533 3.44929917053 -0.357471319252
55.964771817453965 -0.310705675387 -5.62930846161 3.33921035574 -1.54238661246
56.08486789431545 -0.896559480072 -4.08126453116 3.06548611653 -3.05487911305
56.204963971176944 -1.28540195586 -2.39613023258 2.60171432351 -4.65873568224
56.32506004803843 -1.47848425113 -0.867545358832 1.95454346265 -6.06533168725
56.44515612489992 -1.50870355025 0.294195200257 1.16053912639 -7.08649184414
56.56525220176141 -1.42466290885 1.03907803886 0.269027148949 -7.6963879801
56.6853482786229 -1.27343178913 1.42666594893 -0.674592625222 -7.9692614331
56.80544435548439 -1.09352655379 1.52363347407 -1.63457345081 -7.97587654525
56.925540432345876 -0.918913011401 1.33189280438 -2.57976138728 -7.71545952689
57.04563650920736 -0.788068124162 0.7783104657 -3.47394365939 -7.10886372102
57.165732586068856 -0.750180989531 -0.226963764213 -4.26935744784 -6.05836438264
57.28582866293034 -0.860664544322 -1.67694730612 -4.91093283289 -4.56043670034
57.405924739791836 -1.16306503401 -3.37317642976 -5.35386530583 -2.79624943829
57.52602081665332 -1.66642356867 -4.95820244257 -5.58484251805 -1.0874514021
57.646116893514815 -2.33479936531 -6.06826947734 -5.62898514331 0.280272474231
57.7662129703763 -3.09468265904 -6.450294174 -5.53572644349 1.19915883922
57.88630904723779 -3.84903835211 -5.95856761825 -5.35673609966 1.72560633687
58.00640512409928 -4.48826531957 -4.53199605082 -5.13236019573 1.97352994128
58.12650120096077 -4.90348298625 -2.2626007223 -4.89002299555 2.03788517852
58.24659727782226 -5.01148705591 0.504518731438 -4.64735377455 1.99055072123
58.36669335468375 -4.78440450277 3.22050713102 -4.41348668728 1.90388969437
58.48678943154523 -4.26076317736 5.37646819151 -4.18868771372 1.85074563775
58.60688550840673 -3.52550474126 6.73091437734 -3.96530767969 1.88800779771
58.72698158526821 -2.67470591767 7.32398509796 -3.72999521902 2.05518986304
58.847077662129706 -1.78970362719 7.33310037567 -3.4651605645 2.38473134544
58.96717373899119 -0.929519698928 6.93644038974 -3.14967784455 2.90141124043
59.08726981585268 -0.134690303682 6.26210691587 -2.76069905626 3.60555315676
59.20736589271417 0.567156683587 5.40196657192 -2.27780524018 4.45411731053
59.32746196957566 1.15876591539 4.44077590563 -1.68858537591 5.3585671477
59.44755804643715 1.63327633351 3.46628105566 -0.992930592277 6.20833994345
59.56765412329864 1.99394610678 2.55591127274 -0.203432383402 6.90875056424
59.68775020016013 2.25178140608 1.75926331606 0.658408235306 7.40867232922
59.80784627702162 2.42188105238 1.09639820079 1.56773364728 7.7010173518
59.927942353883104 2.52077418016 0.575013222454 2.50037818428 7.79928044673
60.0480384307446 2.56641426499 0.215046437787 3.43344266116 7.70605397248
60.168134507606084 2.58082384826 0.0658156717513 4.34243543592 7.38977654526
60.28823058446758 2.59364881385 0.201736234098 5.19681038215 6.78352808677
60.40832666132906 2.64327316061 0.684486419919 5.95731332241 5.81782905282
60.52842273819055 2.77133136365 1.49370517713 6.57934349438 4.48510952496
60.64851881505204 3.00872848309 2.4648564633 7.0242029772 2.89651003296
60.76861489191353 3.35794555994 3.29934836189 7.27341663232 1.26696187138
60.88871096877502 3.78240530605 3.66781703445 7.33581073346 -0.18406828291
61.00880704563651 4.21087575959 3.34204385423 7.24138827989 -1.33506606571
61.128903122497995 4.55536198129 2.27952765466 7.02732120026 -2.18408007285
61.24899919935949 4.73517581813 0.642518849879 6.72615404816 -2.79953527243
61.369095276220975 4.69953665192 -1.24629593006 6.36088132859 -3.26497455481
61.48919135308247 4.4407968047 -3.01404108698 5.9450418995 -3.65213800256
61.609287429943954 3.9921600331 -4.37383376186 5.48461886607 -4.01490553743
61.72938350680545 3.41155351869 -5.20656847857 4.98021702116 -4.3889485111
61.849479583666934 2.76130770782 -5.54947422284 4.42926286325 -4.79147918282
61.96957566052842 2.09323798516 -5.527559904 3.82821682485 -5.22156901331
62.089671737389914 1.44243022356 -5.28501176066 3.17462389418 -5.66279739209
62.2097678142514 0.827702218421 -4.94419032928 2.46865137352 -6.0891314166
62.32986389111289 0.255341439576 -4.59044444829 1.71378063113 -6.47272187913
62.44995996797438 -0.276335802658 -4.27186627601 0.916595424574 -6.79062531059
62.570056044835866 -0.772851679524 -4.00560540501 0.085960601317 -7.02797485162
62.69015212169736 -1.24034798477 -3.78626638032 -0.76793589874 -7.17720258262
62.810248198558845 -1.68338445301 -3.59421187705 -1.63427605077 -7.23472427506
62.93034427542034 -2.10368019825 -3.40290871087 -2.50185121021 -7.19699427446
63.050440352281825 -2.49967972085 -3.18537849275 -3.35886195949 -7.05728310443
63.17053642914331 -2.86686240016 -2.92021849416 -4.19240652253 -6.80375831407
63.290632506004805 -3.1987586209 -2.59724216049 -4.98782642123 -6.41906624626
63.41072858286629 -3.48856937742 -2.22158960791 -5.72810628225 -5.88172742014
63.530824659727784 -3.73106899813 -1.8138589178 -6.39358417434 -5.17005573442
63.65092073658927 -3.92415224197 -1.40375291488 -6.96232306191 -4.26932272683
63.771016813450764 -4.06920797888 -1.01724693109 -7.41152429458 -3.18167431366
63.89111289031225 -4.16978102669 -0.66218871974 -7.72015146221 -1.93554254889
64.01120896717374 -4.22885332532 -0.321302540433 -7.87236285259 -0.588630735078
64.13130504403523 -4.24612006398 0.0403759023923 -7.8606489898 0.780343021672
64.25140112089672 -4.21697689105 0.455667641065 -7.68734273216 2.08963341818
64.3714971977582 -4.13406840953 0.934920083421 -7.36379251106 3.27354209464
64.49159327461969 -3.99062494643 1.45815366645 -6.90767548295 4.29319597661
64.61168935148119 -3.78374030314 1.9835116662 -6.33970151552 5.13610498128
64.73178542834268 -3.51596947107 2.46510312871 -5.6808643541 5.80845829286
64.85188150520416 -3.19475889629 2.869532892 -4.95075620967 6.32601342209
64.97197758206565 -2.83035120301 3.18420654237 -4.16686393205 6.70717634129
65.09207365892715 -2.43324032813 3.41688655012 -3.3445201346 6.96894957818
65.21216973578863 -2.01203883261 3.58997260876 -2.49720442959 7.12498724816
65.33226581265012 -1.57214668667 3.733420182 -1.63699637758 7.1849142848
65.45236188951161 -1.1152304124 3.87853278913 -0.775055183483 7.15454318799
65.5724579663731 -0.639375270299 4.05282933239 0.0779829653692 7.03706587963
65.6925540432346 -0.139835557663 4.2750500345 0.911817652213 6.83535963412
65.81265012009608 0.389565592413 4.54919215392 1.71663185406 6.55514128585
65.93274619695757 0.954239995178 4.85719769333 2.48362028367 6.20794944218
66.05284227381905 1.55571163596 5.15113931376 3.20578600163 5.81230999942
66.17293835068054 2.18764369534 5.34746508228 3.87868845331 5.39160381282
66.29303442754204 2.83153336569 5.32832684619 4.50072295397 4.9685363266
66.41313050440353 3.45339322111 4.95830479305 5.07261249112 4.55799549773
66.53322658126501 4.00383994772 4.12558631179 5.59608200333 4.16096142142
66.6533226581265 4.42464532834 2.80639075963 6.0719532163 3.76107138867
66.77341873498798 4.66318005553 1.12463137577 6.49797952133 3.32353631487
66.89351481184949 4.69119042862 -0.643979626339 6.86662722261 2.79514948569
67.01361088871097 4.51903296569 -2.15141796685 7.16292252863 2.10581461406
67.13370696557246 4.19688220244 -3.10365825485 7.36286911332 1.17840678324
67.25380304243394 3.8015468228 -3.36361106748 7.43422047102 -0.0397931661991
67.37389911929543 3.41448144383 -2.99229841031 7.34249297437 -1.52415203273
67.49399519615693 3.098866743 -2.22297374483 7.06284946428 -3.13760555292
67.61409127301842 2.88388159086 -1.36842808323 6.59225326571 -4.66730871294
67.7341873498799 2.76277610249 -0.694032706381 5.95286403622 -5.92444633054
67.85428342674139 2.70446607767 -0.332691639096 5.18370181226 -6.82423498991
67.97437950360288 2.67009133871 -0.288227020011 4.32733009587 -7.38603163829
68.09447558046438 2.62511372781 -0.49652920422 3.42044541917 -7.67740715297
68.21457165732586 2.54359074143 -0.886577702389 2.49163357854 -7.75883946056
68.33466773418735 2.40678864133 -1.41189838099 1.56407322599 -7.65837811508
68.45476381104884 2.19983549059 -2.05326937664 0.65945821089 -7.37509677305
68.57485988791032 1.90922836338 -2.80376929194 -0.199663459545 -6.90002252274
68.69495596477182 1.52261058697 -3.64787508476 -0.990522578377 -6.242669979
68.81505204163331 1.03082725654 -4.54631036539 -1.69363720021 -5.45009276397
68.9351481184948 0.43098783093 -5.43516291951 -2.29751677535 -4.60620882968
69.05524419535628 -0.271169245823 -6.23677743267 -2.80190644956 -3.80904018606
69.17534027221778 -1.06020967644 -6.86736644167 -3.21756079726 -3.13897346018
69.29543634907927 -1.90986067073 -7.22693165933 -3.56267810241 -2.63780453303
69.41553242594075 -2.77971245223 -7.17644141628 -3.85805360224 -2.30855102515
69.53562850280224 -3.60986152494 -6.53350959759 -4.12321886552 -2.13003647484
69.65572457966373 -4.31842584848 -5.13152889453 -4.37445389082 -2.07072225828
69.77582065652523 -4.81101839443 -2.95528652743 -4.62375085121 -2.08977600305
69.89591673338671 -5.00748543139 -0.269185542642 -4.87727983341 -2.1302703558
70.0160128102482 -4.87564675644 2.41701149077 -5.13348064135 -2.12223423091
70.13610888710969 -4.44839909181 4.57483028858 -5.38222555973 -1.99418988953
70.25620496397117 -3.81132941649 5.87886428341 -5.60455572731 -1.66743204288
70.37630104083267 -3.07414896142 6.24329693683 -5.77061466648 -1.03754969114
70.49639711769416 -2.34680268552 5.73492488096 -5.83716301104 0.00430908102059
70.61649319455564 -1.72491849899 4.52513003262 -5.75190436421 1.4811527147
70.73658927141713 -1.27633685281 2.90840491377 -5.47003306707 3.23615965978
70.85668534827862 -1.02714901353 1.26974631726 -4.97591267032 4.95900129746
70.97678142514012 -0.958636384884 -0.0580420653837 -4.29234818492 6.35268639409
71.0968775020016 -1.02241258749 -0.92556769574 -3.46870757514 7.28634578572
71.21697357886309 -1.16349935283 -1.35929559214 -2.55918839447 7.79830382887
71.33706965572458 -1.33531874988 -1.45218262009 -1.60836245021 7.99030439125
71.45716573258606 -1.5010712818 -1.26174939421 -0.650138194538 7.92561034444
71.57726180944756 -1.62641249964 -0.770492944992 0.284431804144 7.5870937378
71.69735788630905 -1.67141925517 0.0874371213455 1.15824369014 6.89995118831
71.81745396317054 -1.58921271953 1.34553413075 1.92543817686 5.8095972107
71.93755004003202 -1.33564153127 2.91280054674 2.53979626561 4.37846042922
72.05764611689351 -0.886505910277 4.55533189968 2.97191429719 2.81992561413
72.17774219375501 -0.249639205652 5.99775692746 3.22321734946 1.41061647413
72.2978382706165 0.538516512046 7.05513351897 3.32476657418 0.346331873348
72.41793434747798 1.42675666068 7.65895490669 3.32220499224 -0.326919876824
72.53803042433947 2.35838048532 7.76632597841 3.25952466311 -0.66883982648
72.65812650120095 3.26771521614 7.2597602206 3.17164106635 -0.757299353678
72.77822257806245 4.06980665704 5.94826239848 3.08607700477 -0.633604571036
72.89831865492394 4.65931546985 3.72030759671 3.02735084349 -0.313924423452
73.01841473178543 4.93400491895 0.772092113616 3.01657595516 0.150414561811
73.13851080864691 4.83833686565 -2.33315245853 3.06448286169 0.639163431564
73.25860688550841 4.39396770275 -4.94027286145 3.16552564588 1.01609529855
73.3787029623699 3.68734511693 -6.67096008544 3.30089541014 1.20412354803
73.49879903923139 2.82745089097 -7.5133371281 3.44628805582 1.18031474331
73.61889511609287 1.9115273752 -7.63415200341 3.5746283535 0.910586320629
73.73899119295436 1.01682045778 -7.17632778225 3.65195921541 0.3145391294
73.85908726981586 0.208464890061 -6.20295685326 3.63353477709 -0.694169602582
73.97918334667735 -0.454891358788 -4.7795164652 3.46865537962 -2.11066195216
74.09927942353883 -0.928531911243 -3.08577484648 3.11696091648 -3.76244150611
74.21937550040032 -1.19717659507 -1.41905781058 2.56749649311 -5.35172151812
74.3394715772618 -1.28186909958 -0.0586156074098 1.84490921295 -6.61252621471
74.4595676541233 -1.22881226779 0.868866496004 0.99683182965 -7.43875725565
74.57966373098479 -1.0894455949 1.39171877381 0.0738910089618 -7.87396635769
74.69975980784628 -0.907276728704 1.59459054224 -0.882473546684 -8.00857511831
74.81985588470776 -0.717395828715 1.52069249457 -1.83948906382 -7.8848408452
74.93995196156925 -0.554597426187 1.13041435782 -2.76434645904 -7.45905688475
75.06004803843075 -0.46240750763 0.328361039523 -3.61492680007 -6.63042936502
75.18014411529224 -0.494729854261 -0.942814930701 -4.33801198897 -5.33484905112
75.30024019215372 -0.70396195106 -2.58396449329 -4.88091972143 -3.66160524821
75.42033626901521 -1.11861621152 -4.30311095418 -5.21325332223 -1.88442972894
75.5404323458767 -1.72563337099 -5.72806634017 -5.34279280066 -0.333379082603
75.6605284227382 -2.47061731408 -6.56200497188 -5.31075372307 0.789451734374
75.78062449959968 -3.27086255435 -6.62566911929 -5.1708914585 1.47344499341
75.90072057646117 -4.0266355814 -5.80641874954 -4.97037638174 1.81924841736
76.02081665332265 -4.62823552945 -4.06205520185 -4.7431442464 1.93333175188
76.14091273018414 -4.97061064085 -1.53617420524 -4.51229109362 1.89016890146
76.26100880704564 -4.98258851579 1.34870280441 -4.2928015422 1.75618616187
76.38110488390713 -4.6558936843 4.00765604012 -4.09093538332 1.6104300216
76.50120096076861 -4.04791211075 5.98044180538 -3.90341223927 1.5281020525
76.6212970376301 -3.2532279405 7.11814922248 -3.71926842187 1.56082578436
76.74139311449159 -2.36744348227 7.52761772974 -3.52249959361 1.74383844327
76.86148919135309 -1.46654383658 7.40116959656 -3.29304306529 2.11083242594
76.98158526821457 -0.604752261548 6.89757390366 -3.00697400687 2.68968540308
77.10168134507606 0.1792358746 6.11933127345 -2.63851764416 3.47858396782
77.22177742193755 0.857240504553 5.14623970248 -2.16517533697 4.42215742162
77.34187349879905 1.41117943266 4.07028270452 -1.57449475677 5.41131334083
77.46196957566053 1.83505543465 2.99802719086 -0.86882952133 6.31630956248
77.58206565252202 2.13525553265 2.02365032969 -0.0649056410735 7.03504441684
77.7021617293835 2.32733977886 1.20327346223 0.811607367499 7.52260446083
77.82225780624499 2.4311980098 0.555454210867 1.7328849641 7.78388392251
77.94235388310649 2.46787616143 0.0861636549563 2.67302924204 7.83937222842
78.06244995996798 2.45995104795 -0.180589732421 3.60759304295 7.68725377692
78.18254603682946 2.43491958629 -0.186197688093 4.50935851138 7.28181947121
78.30264211369095 2.42889247113 0.148514281105 5.34329337714 6.54374267106
78.42273819055244 2.48614605149 0.867758635601 6.06523211628 5.41227873565
78.54283426741394 2.65003631722 1.89866839969 6.62876281319 3.92323198011
78.66293034427542 2.94531506722 3.0034583007 7.00007941857 2.25026373157
78.78302642113691 3.36034882761 3.83188771958 7.17207178843 0.645715540857
78.9031224979984 3.84129672398 4.05571707371 7.16621663073 -0.687914218128
79.02321857485988 4.30267135197 3.4914166981 7.02063463247 -1.68094166263
79.14331465172138 4.64885270037 2.15849026344 6.77440509274 -2.37718334812
79.26341072858287 4.79919832054 0.283225073122 6.45795603769 -2.86581637354
79.38350680544436 4.71019033577 -1.75840332999 6.09088474432 -3.2332655481
79.50360288230584 4.38620580873 -3.57069308805 5.68341266569 -3.54862954689
79.62369895916733 3.87280467509 -4.88354516925 5.23853666899 -3.8632972347
79.74379503602883 3.23656304881 -5.61853163525 4.754120795 -4.21128505225
79.86389111289031 2.54346163169 -5.85162912794 4.22502688747 -4.60840168593
79.9839871897518 1.84523942247 -5.73019373055 3.64534740525 -5.05168504724
80.10408326661329 1.175227733 -5.40496276053 3.01058597596 -5.52120124682
80.22417934347477 0.550307336028 -4.99598643053 2.31939204997 -5.98578124479
80.34427542033627 -0.024672352864 -4.58332444573 1.57440553656 -6.41164705435
80.46437149719776 -0.55216935501 -4.20956106389 0.782061895984 -6.77047151371
80.58446757405925 -1.03785343932 -3.88697615611 -0.0483647697549 -7.04358890335
80.70456365092073 -1.48749147421 -3.60646456368 -0.905932708983 -7.22146552309
80.82465972778222 -1.90494223316 -3.34692053334 -1.77891808903 -7.2997884347
80.94475580464372 -2.29126546773 -3.08428546705 -2.65513754039 -7.27437796003
81.0648518815052 -2.64487237962 -2.79979250003 -3.52168077782 -7.13666485483
81.18494795836669 -2.96259201014 -2.48683485932 -4.36418670552 -6.87073469878
81.30504403522818 -3.24141547157 -2.1550485429 -5.16589820008 -6.45275941211
81.42514011208968 -3.48044043009 -1.82906886851 -5.90685078376 -5.85404943248
81.54523618895116 -3.68220945371 -1.53936026583 -6.56372127723 -5.0492016627
81.66533226581265 -3.85245139626 -1.30530298817 -7.11098169612 -4.02939349821
81.78542834267414 -3.99761118496 -1.11684668952 -7.52377670521 -2.81671697225
81.90552441953562 -4.12067955403 -0.926802960598 -7.78216197705 -1.47080282617
82.02562049639712 -4.2173126565 -0.664381041665 -7.8752311721 -0.0795526380151
82.14571657325861 -4.27481877534 -0.267560119246 -7.80319100665 1.26444133134
82.2658126501201 -4.27532198421 0.283580211621 -7.57635429969 2.48889783373
82.38590872698158 -4.2018900702 0.953546612901 -7.21177947999 3.55446268034
82.50600480384307 -4.04459066371 1.6655713812 -6.72936000242 4.45178706312
82.62610088070457 -3.80365068875 2.33292136362 -6.14886945152 5.19010507326
82.74619695756606 -3.48874161286 2.88911866747 -5.48844314649 5.78588413288
82.86629303442754 -3.11542112221 3.30378037477 -4.76418201024 6.2557533342
82.98638911128903 -2.70069830376 3.58187706815 -3.9903383193 6.61365848167
83.10648518815051 -2.25939282559 3.75266190645 -3.17967682137 6.87046432169
83.22658126501202 -1.8020246428 3.8563828636 -2.34382336562 7.03434813002
83.3466773418735 -1.33415946317 3.93396126003 -1.49356484666 7.11114678952
83.46677341873499 -0.856736229616 4.02078654889 -0.639115468328 7.10461211063
83.58686949559647 -0.366958660289 4.14318646568 0.209662504594 7.01701017388
83.70696557245796 0.140439524238 4.31539442251 1.04315414919 6.85050289906
83.82706164931946 0.671503470919 4.53528952827 1.85210445427 6.60932258748
83.94715772618095 1.23074993775 4.77844010853 2.62800719343 6.30202232749
84.06725380304243 1.81809231793 4.99163398265 3.36370306911 5.94246470318
84.18734987990392 2.42511176457 5.08919613191 4.0539531212 5.54824360595
84.3074459567654 3.03133497579 4.95805610077 4.69564303563 5.13620446845
84.4275420336269 3.60204640814 4.47952740771 5.28733137523 4.71631250997
84.54763811048839 4.09003349354 3.57328089584 5.82806689463 4.28595155799
84.66773418734988 4.44365067033 2.25537054017 6.31562987885 3.82618001266
84.78783026421137 4.62123391058 0.678912242773 6.74445593142 3.30012985815
84.90792634107285 4.60723684329 -0.883367182173 7.10348377055 2.65342795527
85.02802241793435 4.42201447202 -2.12467346385 7.37428442095 1.81937473595
85.14811849479584 4.11912141667 -2.81666373968 7.53049844879 0.737335909933
85.26821457165732 3.77040931039 -2.89212627218 7.54070145753 -0.608526666306
85.38831064851881 3.44471340212 -2.46624863506 7.37653621463 -2.1458249269
85.50840672538031 3.18818945105 -1.78768562019 7.02416682685 -3.71009104788
85.6285028022418 3.01426057073 -1.13276767992 6.49217365515 -5.10734774298
85.74859887910328 2.90714074544 -0.697315051528 5.80967511078 -6.20216134043
85.86869495596477 2.83505808844 -0.55105362879 5.01608438094 -6.95934873607
85.98879103282626 2.76429159487 -0.665564329107 4.15002414743 -7.4192388713
86.10888710968776 2.66749859528 -0.972623718479 3.2433786261 -7.64526352792
86.22898318654924 2.52549092485 -1.41011119536 2.32110319154 -7.68513862689
86.34907926341073 2.32507629522 -1.94147977001 1.40410794201 -7.55844231876
86.46917534027222 2.05593196396 -2.55390955349 0.512317045522 -7.26448410864
86.5892714171337 1.70850800659 -3.2445109869 -0.333941575093 -6.80072065757
86.7093674939952 1.27386936158 -4.00328271041 -1.11494639688 -6.1827524876
86.82946357085669 0.745367992313 -4.80082775245 -1.81462015023 -5.4566013893
86.94955964771817 0.121232971294 -5.58566806056 -2.42416784579 -4.69552439801
87.06965572457966 -0.592991749427 -6.28818085435 -2.94434047087 -3.981185697
87.18975180144115 -1.38237345734 -6.82076541806 -3.38496574587 -3.37936579254
87.30984787830265 -2.21987158655 -7.0667282714 -3.76195251508 -2.92420656674
87.42994395516413 -3.06195627144 -6.86718529511 -4.0933242859 -2.61791698406
87.55004003202562 -3.84401277619 -6.03713282983 -4.39595175452 -2.44107745635
87.6701361088871 -4.48133198357 -4.4467732971 -4.68357220969 -2.36177902938
87.7902321857486 -4.88370789755 -2.15736982048 -4.96539094055 -2.33586176013
87.9103282626101 -4.98476891852 0.493550963691 -5.24442167863 -2.30446738124
88.03042433947158 -4.77164881228 2.98430859532 -5.51594628309 -2.19901654931
88.15052041633307 -4.29368268621 4.84057352019 -5.76666107586 -1.94436154954
88.27061649319455 -3.64504522523 5.80339899146 -5.97327440157 -1.44665638193
88.39071257005604 -2.93745188138 5.82914723456 -6.09981699719 -0.592231187659
88.51080864691754 -2.27836339815 5.02406728911 -6.09799506934 0.695149975947
88.63090472377903 -1.75457321528 3.62753134749 -5.91780870847 2.3513622769
88.75100080064051 -1.41621705897 2.00326778917 -5.52823071224 4.129231951
88.871096877502 -1.26688671577 0.536820912448 -4.93419758937 5.70632322501
88.99119295436348 -1.27065346434 -0.52160349529 -4.17463720427 6.8650553637
89.11128903122498 -1.37356640144 -1.11956532165 -3.30351788834 7.5719475743
89.23138510808647 -1.52401946474 -1.32935422857 -2.37059966037 7.91200624881
89.35148118494796 -1.68073632034 -1.23389706502 -1.41405985411 7.97626892225
89.47157726180944 -1.80923060473 -0.857314408572 -0.46465117647 7.7908818967
89.59167333867094 -1.87388284391 -0.161181292131 0.445456578794 7.31001781358
89.71176941553243 -1.83314313446 0.90206789829 1.2765310438 6.46600305503
89.83186549239392 -1.64346536038 2.30389263112 1.98370912153 5.25638375716
89.9519615692554 -1.27249126552 3.88407108272 2.52951455332 3.81210036927
90.07205764611689 -0.713433265465 5.39324998942 2.89958204424 2.37342777749
90.19215372297839 0.0111652816534 6.61287339454 3.1093097042 1.17316471027
90.31224979983988 0.858837510029 7.4332133488 3.1958131049 0.329216800987
90.43234587670136 1.77904997899 7.81475950586 3.20240092272 -0.166622697703
90.55244195356285 2.71558103065 7.68560280683 3.16695965875 -0.382938526649
90.67253803042433 3.59812833506 6.88189561852 3.11921711604 -0.378150758539
90.79263410728583 4.33372397376 5.2137736918 3.08400503987 -0.176574484635
90.91273018414732 4.81469664778 2.66626947838 3.08375962493 0.196599532983
91.03282626100881 4.95251084828 -0.410410671361 3.13495548266 0.660823215207
91.1529223378703 4.72069091874 -3.37546717257 3.24080714027 1.08401955007
91.27301841473178 4.16977861186 -5.65356898929 3.38914144625 1.35522847051
91.39311449159328 3.39982870632 -7.01623173922 3.55831347672 1.42715317925
91.51321056845477 2.51827987494 -7.53834718232 3.72298374401 1.27397031818
91.63330664531625 1.61630273651 -7.38018940861 3.85280033113 0.83171543428
91.75340272217774 0.768686869621 -6.64393489518 3.90714739325 0.000930630174004
91.87349879903923 0.0412612258291 -5.3912562605 3.83507534894 -1.27286444125
91.99359487590073 -0.510766805108 -3.75713678401 3.58724405476 -2.89422714245
92.11369095276221 -0.85673661396 -2.0141771603 3.13660589263 -4.59617921068
92.2337870296237 -1.00322261397 -0.483333041276 2.49281504293 -6.06459877622
92.35388310648518 -0.989810740657 0.629992144937 1.6971744336 -7.10903539828
92.47397918334667 -0.869761064937 1.30093747829 0.802831249333 -7.71848558178
92.59407526020817 -0.69173624468 1.61171609291 -0.142916654476 -7.98184460626
92.71417133706966 -0.4939229041 1.63780664369 -1.10365133214 -7.97515144829
92.83426741393114 -0.309673544907 1.37807387849 -2.04765190714 -7.69489913321
92.95436349079263 -0.177535284627 0.752649546304 -2.93764544998 -7.05778327084
93.07445956765412 -0.147311782251 -0.32918767209 -3.72463378878 -5.96859293721
93.19455564451562 -0.274477999012 -1.85041822252 -4.35329591976 -4.43779785659
93.3146517213771 -0.601134449309 -3.60038322877 -4.78070823049 -2.66593073324
93.43474779823859 -1.13432063039 -5.22799915216 -4.99730782587 -0.983837571755
93.55484387510008 -1.83860321336 -6.40434998789 -5.03199051484 0.331226892931
93.67493995196156 -2.6461062384 -6.9218160802 -4.93633702104 1.1876087302
93.79503602882306 -3.46974937827 -6.65460193428 -4.76249344807 1.65168849517
93.91513210568455 -4.2088741562 -5.49992239411 -4.550776172 1.83558564801
94.03522818254604 -4.75408544855 -3.43669819337 -4.32946709835 1.82198271323
94.15532425940752 -5.00614528132 -0.680114298843 -4.11876108332 1.66889284915
94.27542033626902 -4.90981561749 2.26340009989 -3.93133418715 1.44860667315
94.39551641313051 -4.47924801203 4.79660036791 -3.76987233772 1.25127262998
94.515612489992 -3.7898611281 6.53890802315 -3.62685339199 1.15102057657
94.63570856685348 -2.9424996206 7.44284873622 -3.48777796717 1.19100384273
94.75580464371497 -2.02929363761 7.66917829976 -3.33391391269 1.40292323941
94.87590072057647 -1.11985256955 7.40767911216 -3.14242239458 1.82420323717
94.99599679743795 -0.264321093068 6.78718212284 -2.88604869735 2.48662947056
95.11609287429944 0.499067804262 5.88429596196 -2.53569024655 3.38304302461
95.23618895116093 1.1407448166 4.77558695588 -2.06700538425 4.43863795865
95.35628502802241 1.64233128459 3.572960939 -1.46864303958 5.51672413523
95.47638110488391 2.00056869545 2.41012294597 -0.747114135565 6.46703159849
95.5964771817454 2.2272985894 1.39702520883 0.0753095093749 7.18572643084
95.71657325860689 2.3443864601 0.588707662734 0.968265439574 7.64207676236
95.83666933546837 2.37729259529 -0.00527860955297 1.90120589111 7.85698217832
95.95676541232986 2.35170808868 -0.383666186317 2.84685145374 7.85571379078
96.07686148919136 2.29488313556 -0.517148350558 3.77901928551 7.62603825609
96.19695756605284 2.24004047974 -0.336671887778 4.66689713813 7.10389568748
96.31705364291433 2.22981105101 0.2361597235 5.47006024836 6.20224566553
96.43714971977582 2.31311724668 1.2120322746 6.139842003 4.88608376287
96.5572457966373 2.53155528652 2.44709064038 6.6308248338 3.2545296467
96.6773418734988 2.89884128538 3.62856073033 6.91842742918 1.54593444263
96.79743795036029 3.38564662724 4.37684148131 7.00989468673 0.0267777632497
96.91753402722178 3.9205592366 4.39265749038 6.93896530466 -1.14544361211
97.03763010408326 4.40612252279 3.55102995012 6.74910910358 -1.9624305157
97.15772618094475 4.7421988571 1.93490118606 6.47858388627 -2.50552973543
97.27782225780625 4.85120912887 -0.167434287228 6.15429406824 -2.87330190164
97.39791833466774 4.69950398415 -2.33224745252 5.79209644411 -3.14910560498
97.51801441152922 4.30503756073 -4.15301727202 5.39895645204 -3.39808688102
97.63811048839071 3.72565358732 -5.38992296522 4.97499047585 -3.66931376323
97.7582065652522 3.03523137196 -6.01194817363 4.51539002757 -3.99555828175
97.8783026421137 2.30178967234 -6.13194671831 4.01245782113 -4.39186657617
97.99839871897518 1.57591685774 -5.91339811881 3.45783876875 -4.8539558005
98.11849479583667 0.888879796023 -5.50763995589 2.84484829872 -5.35872123754
98.23859087269815 0.255889818263 -5.02893398174 2.1704699872 -5.86949321482
98.35868694955965 -0.319113044942 -4.55107595001 1.43644049246 -6.34554414718
98.47878302642114 -0.838831345534 -4.11193260703 0.649126399485 -6.75190360207
98.59887910328263 -1.30871070747 -3.72067911096 -0.18156987628 -7.06514533067
98.71897518014411 -1.73401916695 -3.36682511746 -1.04365314251 -7.27339156506
98.8390712570056 -2.11809971321 -3.03060218698 -1.92418128735 -7.37173782382
98.9591673338671 -2.4619047921 -2.69372062237 -2.80971388502 -7.35565735174
99.07926341072859 -2.76477788129 -2.34913892174 -3.68596590582 -7.21466837527
99.19935948759007 -3.02625912368 -2.00795965589 -4.53680237015 -6.92795978483
99.31945556445156 -3.24840671184 -1.70048881076 -5.3429147636 -6.46386839145
99.43955164131305 -3.43770556161 -1.46776354559 -6.08079874963 -5.78587944502
99.55964771817455 -3.60526289439 -1.34150703254 -6.72296840493 -4.86738711587
99.67974379503603 -3.76407736096 -1.31701728148 -7.24039237055 -3.71288314784
99.79983987189752 -3.92331582544 -1.33363137451 -7.60735597 -2.37466491895
99.919935948759 -4.08168343193 -1.28192482984 -7.80727069883 -0.949664417873
100.04003202562049 -4.22371773982 -1.04435758082 -7.83655658154 0.448650280746
100.16012810248199 -4.32215801276 -0.550653718173 -7.70434708003 1.72764080346
100.28022417934348 -4.34616382921 0.185459449533 -7.42839530671 2.83809121844
100.40032025620496 -4.27161728115 1.06992128557 -7.02974445156 3.77239146834
100.52041633306645 -4.0886516668 1.96792993917 -6.52866584115 4.54780536105
100.64051240992794 -3.80342931303 2.75541193446 -5.94275909038 5.1891525036
100.76060848678944 -3.43437328925 3.35633560915 -5.2867567816 5.71823285402
100.88070456365092 -3.00550394776 3.75298536905 -4.57316672647 6.15011989201
101.00080064051241 -2.54001973263 3.97345993262 -3.81307711895 6.49367042656
101.1208967173739 -2.05608336959 4.06981352796 -3.01678014315 6.75367305285
101.24099279423538 -1.56517501689 4.09861933453 -2.19413005993 6.9329131716
101.36108887109688 -1.07234496517 4.10905075245 -1.35470270384 7.03335634784
101.48118494795837 -0.577460855326 4.13780644745 -0.507867050691 7.05649838276
101.60128102481985 -0.0768101960166 4.20769474504 0.33716368371 7.00347364077
101.72137710168134 0.435182868736 4.32669026333 1.17131353636 6.87558027116
101.84147317854283 0.964047619596 4.48546457331 1.98573007912 6.67548828756
101.96156925540433 1.51294517064 4.65309014647 2.77203908876 6.40871395363
102.08166533226581 2.07979160376 4.77254629667 3.52274352036 6.08434340775
102.2017614091273 2.65401389981 4.75995260601 4.23160624397 5.71387985912
102.32185748598879 3.21373588303 4.51367553191 4.89375269085 5.30775797388
102.44195356285029 3.7249833726 3.93967400646 5.5052472876 4.87027883113
102.56204963971177 4.1450112329 2.99405386428 6.06204208417 4.39450193311
102.68214571657326 4.43119565667 1.72934578682 6.55838482111 3.85853496743
102.80224179343475 4.55425765493 0.314510596193 6.98491011892 3.22410778997
102.92233787029623 4.51079884368 -0.998918745425 7.32676450604 2.43899786465
103.04243394715773 4.32853137452 -1.96082471956 7.56246887283 1.4480231941
103.16253002401922 4.06028726915 -2.41698551217 7.66495980605 0.21909050961
103.2826261008807 3.76841182193 -2.36834784335 7.60659054474 -1.21925160317
103.40272217774219 3.50563922931 -1.96765473096 7.36810213767 -2.75549244667
103.52281825460368 3.30042094585 -1.45071659726 6.94757061863 -4.2215712793
103.64291433146518 3.15301988288 -1.03449305776 6.36322355623 -5.4627890742
103.76301040832666 3.04284959422 -0.841739716662 5.64780075824 -6.39845015377
103.88310648518815 2.94108495908 -0.890448938668 4.83860371861 -7.03001788289
104.00320256204964 2.82118859918 -1.13303778777 3.96947947461 -7.4060810768
104.12329863891112 2.66378552692 -1.50489984784 3.06774499381 -7.58103766861
104.24339471577262 2.4565842527 -1.95607725107 2.15513602209 -7.59128259451
104.36349079263411 2.1917961519 -2.46181253885 1.25037739608 -7.45120272684
104.4835868694956 1.86326837621 -3.01799543212 0.371386673758 -7.16199339532
104.60368294635708 1.46470991623 -3.62860523516 -0.463987074035 -6.72617866299
104.72377902321857 0.989599434239 -4.2912268321 -1.23900962647 -6.16180890031
104.84387510008007 0.43268040613 -4.98580285075 -1.94048619283 -5.51025052557
104.96397117694156 -0.207541059478 -5.66932137664 -2.56148080703 -4.83274075908
105.08406725380304 -0.925934008903 -6.27418125365 -3.10291957549 -4.19596272111
105.20416333066453 -1.70759520743 -6.70407397631 -3.57313754934 -3.6537577677
105.32425940752601 -2.52389808432 -6.82526406879 -3.98548990625 -3.234711077
105.44435548438751 -3.32774365622 -6.46580186559 -4.35512665513 -2.94080618918
105.564451561249 -4.05062802098 -5.4521067095 -4.69614592524 -2.7537885758
105.68454763811049 -4.60766584629 -3.70567890519 -5.01954888915 -2.64084485012
105.80464371497197 -4.91655809662 -1.36527714208 -5.33157044046 -2.55527021224
105.92473979183346 -4.92729420901 1.17814539278 -5.63200882884 -2.43701289082
106.04483586869496 -4.64596022184 3.41594313781 -5.91281101868 -2.21562553407
106.16493194555645 -4.1358532217 4.93600395166 -6.15668557946 -1.80603744582
106.28502802241793 -3.49728513451 5.54060114267 -6.33478901218 -1.101119081
106.40512409927942 -2.84177058385 5.23297044017 -6.4051488079 0.000919752277542
106.52522017614092 -2.27042801921 4.17960742742 -6.31798537954 1.51089131187
106.6453162530024 -1.85520339927 2.6962988133 -6.03221033598 3.26627067669
106.76541232986389 -1.62392566752 1.18248989697 -5.53571515281 4.96600783309
106.88550840672538 -1.5587948556 -0.028803732722 -4.85301638268 6.33203153762
107.00560448358686 -1.61258827127 -0.790112092395 -4.03306143947 7.24783478017
107.12570056044837 -1.73137234033 -1.1237961488 -3.1285830808 7.75479730207
107.24579663730985 -1.86893791239 -1.11713200311 -2.1827802452 7.95156405356
107.36589271417134 -1.98855463081 -0.829839480086 -1.22845913212 7.90146234065
107.48598879103282 -2.05704806629 -0.26114993074 -0.295008768133 7.59733525034
107.60608486789431 -2.03852910448 0.625111841836 0.583962016103 6.98400276621
107.72618094475581 -1.89379288186 1.83535828077 1.3684820552 6.02396823312
107.8462770216173 -1.5881560437 3.2799422013 2.01904406796 4.77281621331
107.96637309847878 -1.10425584553 4.76658821129 2.5100716897 3.40362312097
108.08646917534027 -0.450377720326 6.07811020431 2.84094441061 2.14164467083
108.20656525220176 0.342603911576 7.0667882706 3.03571707268 1.15622496559
108.32666132906326 1.23157263983 7.67035523923 3.13206507278 0.502497203837
108.44675740592474 2.1677016438 7.84006319553 3.16833425321 0.145782068328
108.56685348278623 3.09268620987 7.45687315897 3.17650391065 0.0253549343721
108.68694955964772 3.92876858981 6.32507231775 3.18224434444 0.101112609238
108.8070456365092 4.5757387444 4.29879771131 3.20783614768 0.352007051455
108.9271417133707 4.92977788486 1.49874616032 3.27205461896 0.732092334315
109.04723779023219 4.92408160967 -1.58598490077 3.38479421789 1.13923730369
109.16733386709367 4.56378310172 -4.30517611408 3.54184085409 1.45203266181
109.28742994395516 3.92313977875 -6.20994358229 3.72661589055 1.59304662632
109.40752602081665 3.10899159146 -7.20299054595 3.91623756591 1.52753267468
109.52762209767815 2.22491686111 -7.39955747078 4.08330015752 1.20490245
109.64771817453963 1.3582331602 -6.93043221042 4.19150742306 0.528998954638
109.76781425140112 0.583680011443 -5.87768190498 4.19244329725 -0.590524070705
109.8879103282626 -0.03445853322 -4.35314590482 4.03264523185 -2.12837548652
110.00800640512409 -0.45244775058 -2.5960594526 3.67279769163 -3.8723396893
110.1281024819856 -0.662207494132 -0.94141281095 3.10747714201 -5.49550528014
110.24819855884708 -0.693775632485 0.340165636172 2.36836258839 -6.7372935668
110.36829463570857 -0.599188190129 1.16029645769 1.50780302269 -7.52032805817
110.48839071257005 -0.431151480021 1.57995588876 0.577730848065 -7.91216084377
110.60848678943155 -0.231868073468 1.69324900742 -0.380908215006 -8.00867151519
110.72858286629304 -0.0352250532227 1.53407936601 -1.33552660038 -7.84309075556
110.84867894315452 0.12360460494 1.04834997314 -2.25210866108 -7.35972517749
110.96877502001601 0.19945089573 0.136651092496 -3.0863866538 -6.45632830167
111.0888710968775 0.137559810099 -1.24015720194 -3.78402788358 -5.08840270285
111.208967173739 -0.111994303736 -2.94932465062 -4.29471615696 -3.38068140406
111.32906325060048 -0.571839149436 -4.68214472768 -4.59433641943 -1.63123570336
111.44915932746197 -1.22362094208 -6.09488205046 -4.69790744095 -0.160349891661
111.56925540432346 -2.01338615844 -6.9522319511 -4.65104110955 0.862907774157
111.68935148118494 -2.86618689214 -7.12777245647 -4.50804213433 1.45453007703
111.80944755804644 -3.69385218617 -6.51399826487 -4.31469186967 1.7202108416
111.92954363490793 -4.39472414879 -5.00307147791 -4.10410786596 1.75327933566
112.04963971176942 -4.86000338209 -2.61492408241 -3.90071461337 1.60788816009
112.1697357886309 -4.99993481932 0.334144867743 -3.72289260607 1.33943410494
112.28983186549239 -4.78086167333 3.25587134747 -3.58030109667 1.03871975789
112.40992794235389 -4.24229422044 5.5797445083 -3.47062051702 0.806032404272
112.53002401921538 -3.47569778982 7.03975247532 -3.38130049027 0.706920616941
112.65012009607686 -2.58393535975 7.69149325255 -3.29419645846 0.773443288436
112.77021617293835 -1.65278391207 7.72920990744 -3.18765948371 1.03708264356
112.89031224979983 -0.745217544702 7.31990898982 -3.03539385044 1.54287217881
113.01040832666133 0.0911843024797 6.55428931695 -2.80590993526 2.32561541893
113.13050440352282 0.81706192662 5.49001395505 -2.46642702483 3.36433667655
113.2506004803843 1.40146698589 4.2187710376 -1.99178307115 4.55149414909
113.3706965572458 1.82806075509 2.8902706026 -1.37419223356 5.71392365263
113.49079263410728 2.10007885495 1.6695815281 -0.627137103389 6.68443850865
113.61088871096878 2.23809432877 0.671238874764 0.219854778175 7.37078367122
113.73098478783027 2.27180018107 -0.0665864308288 1.13163831968 7.76815289285
113.85108086469175 2.23217449366 -0.552516128594 2.07572273483 7.91556491799
113.97117694155324 2.14898535717 -0.78967931621 3.02389710622 7.83621373294
114.09127301841473 2.05398091566 -0.738461090457 3.94764990587 7.49834205463
114.21136909527623 1.98638250634 -0.318591350124 4.81121708097 6.81757934021
114.33146517213771 1.9949756883 0.535028812575 5.56807109154 5.71286442817
114.4515612489992 2.13060120873 1.77436893757 6.1669148932 4.20230996792
114.57165732586068 2.42749457839 3.16656771622 6.5682993388 2.46769427364
114.69175340272218 2.88227583372 4.33638010616 6.76232928913 0.798562007551
114.81184947958367 3.44502911271 4.91067079594 6.77266474201 -0.562778608499
114.93194555644516 4.0279816421 4.64686322042 6.64307126322 -1.53137422677
115.05204163330664 4.52497334187 3.48573418401 6.41851838361 -2.1598405556
115.17213771016813 4.83485700183 1.57317116988 6.13372504793 -2.55225823046
115.29223378702963 4.88660961519 -0.740432214664 5.81104123016 -2.8051966737
115.41232986389112 4.65968518817 -2.98952936673 5.46242870804 -2.99545158281
115.5324259407526 4.1875054494 -4.77268213304 5.09159220715 -3.18436461244
115.65252201761409 3.54000625994 -5.8969666392 4.69571703586 -3.41903681823
115.77261809447558 2.79671258622 -6.38553629618 4.26723963547 -3.73125874981
115.89271417133708 2.02587308596 -6.38456895345 3.79577316592 -4.13585669247
116.01281024819856 1.27585981741 -6.06603648357 3.27031637914 -4.62771788542
116.13290632506005 0.575686813727 -5.57553316428 2.68177503382 -5.18035086905
116.25300240192153 -0.0607263689771 -5.01848570375 2.02533355029 -5.75033337459
116.37309847878302 -0.629800622742 -4.46251916219 1.30189187108 -6.28801790235
116.49319455564452 -1.1340797058 -3.94291542331 0.518055526284 -6.74990201685
116.61329063250601 -1.57870580334 -3.46884292033 -0.315156223306 -7.1067643105
116.7333867093675 -1.96876388967 -3.03185635439 -1.18414893975 -7.3444544914
116.85348278622898 -2.30781718639 -2.6170805968 -2.07427432252 -7.4582430526
116.97357886309047 -2.59787379758 -2.21550925378 -2.9704417112 -7.4439162052
117.09367493995197 -2.84076922659 -1.83478236074 -3.8566291204 -7.2888331192
117.21377101681345 -3.04058608571 -1.50500032545 -4.71446237128 -6.96587963618
117.33386709367494 -3.20625167165 -1.27507117509 -5.52141885542 -6.43395780157
117.45396317053643 -3.35288347879 -1.19488998895 -6.249716348 -5.64964613325
117.57405924739791 -3.50008722342 -1.28308964715 -6.86740229001 -4.59190606741
117.69415532425941 -3.66601855595 -1.49204866428 -7.34284285056 -3.29131916042
117.8142514011209 -3.85832033041 -1.69568704603 -7.65194920446 -1.84226938848
117.93434747798239 -4.06620106083 -1.72262348684 -7.78479979127 -0.379316499419
118.05444355484387 -4.25904453176 -1.42725363302 -7.74756298403 0.972977222731
118.17453963170536 -4.39390622446 -0.758705495469 -7.55853726745 2.14152481593
118.29463570856686 -4.42901216819 0.213052467317 -7.24116637177 3.1120116286
118.41473178542834 -4.33704502807 1.32598784317 -6.81803091918 3.90866841409
118.53482786228983 -4.11248724522 2.39126076721 -6.30779532191 4.56875336129
118.65492393915132 -3.77065131956 3.26025309935 -5.72476625031 5.12568819176
118.77502001601282 -3.34019231945 3.86232890771 -5.07984961866 5.60219303903
118.8951160928743 -2.85345309742 4.20373454926 -4.38190890144 6.00983025676
119.01521216973579 -2.33869050895 4.34081657776 -3.63896091857 6.3517328879
119.13530824659728 -1.81600474962 4.3482419493 -2.85896284128 6.62639415507
119.25540432345876 -1.29664846629 4.29585182395 -2.05015874898 6.83099737858
119.37550040032026 -0.784395322472 4.23731473532 -1.2211041544 6.96336758573
119.49559647718175 -0.277709903727 4.20738620709 -0.380546689219 7.02246716059
119.61569255404324 0.228031593457 4.22302263666 0.462694351608 7.00806378429
119.73578863090472 0.738488370802 4.28459284508 1.29980271542 6.92042853326
119.85588470776621 1.25834949242 4.37529833312 2.12203452282 6.76058862279
119.97598078462771 1.78914444566 4.45887048554 2.92084883431 6.53101652865
120.0960768614892 2.32676772331 4.47762554433 3.68811301371 6.23603178966
120.21617293835068 2.85898650569 4.35497492022 4.41629173648 5.88098211518
120.33626901521217 3.36378736858 4.007771862 5.09843342745 5.46966991669
120.45636509207365 3.81000696267 3.37223372425 5.7277552912 5.00037645625
120.57646116893515 4.16178041819 2.44012654783 6.29672123267 4.46162152147
120.69655724579664 4.38723772237 1.28961164983 6.79566849702 3.82916362843
120.81665332265813 4.46937473909 0.0867972729797 7.21123782962 3.06609154543
120.93674939951961 4.41449436866 -0.956927186051 7.52514733957 2.12915225047
121.0568454763811 4.25331049186 -1.65993941634 7.7143267568 0.985744749854
121.1769415532426 4.03280660085 -1.94260046273 7.75380077003 -0.358124435929
121.29703763010409 3.80150690148 -1.85949356316 7.62298813277 -1.83269441154
121.41713370696557 3.59438896306 -1.57217966039 7.31354371092 -3.3081057655
121.53722978382706 3.42424829537 -1.27391591538 6.83428623682 -4.63814993554
121.65732586068854 3.28291388222 -1.10967059273 6.20963078622 -5.71755983579
121.77742193755005 3.14993314861 -1.13719002374 5.4724991892 -6.51105756809
121.89751801441153 3.00272892708 -1.33940079048 4.65631012386 -7.04095797857
122.01761409127302 2.82335798503 -1.66311080762 3.78998046954 -7.35425551915
122.1377101681345 2.60056858797 -2.05483172321 2.89677379678 -7.49464726615
122.25780624499599 2.32847871486 -2.48046328366 1.9956204861 -7.48970726161
122.37790232185749 2.00387484421 -2.92930284143 1.10314807798 -7.35100540379
122.49799839871898 1.62370706647 -3.40771140152 0.23519942976 -7.08165695324
122.61809447558046 1.18370417675 -3.92748033329 -0.592774238146 -6.68691092098
122.73819055244195 0.678502486243 -4.49296759433 -1.3665926167 -6.18407024906
122.85828662930344 0.103226146953 -5.0901363526 -2.07518113828 -5.60786747923
122.97838270616494 -0.543820846126 -5.67910596829 -2.7126015547 -5.00794551137
123.09847878302642 -1.25773344894 -6.18900359439 -3.27927687026 -4.43834985949
123.21857485988791 -2.02296402694 -6.51248628101 -3.78168220705 -3.94360065956
123.3386709367494 -2.80865916046 -6.50207769726 -4.23050930882 -3.54825296868
123.4587670136109 -3.56432379558 -5.98296726766 -4.63802352736 -3.25413866432
123.57886309047238 -4.21926347934 -4.80710407669 -5.01549024275 -3.04349103742
123.69895916733387 -4.69159249287 -2.95568101908 -5.37105112321 -2.88243229973
123.81905524419535 -4.91012589474 -0.635673847894 -5.70788322383 -2.72230966548
123.93915132105684 -4.8422346256 1.733318497 -6.02249441824 -2.50094321339
124.05924739791834 -4.51107525907 3.67547673426 -6.30310566131 -2.14187045878
124.17934347477983 -3.99071412131 4.84316348128 -6.52760800469 -1.54872221808
124.29943955164131 -3.38457174033 5.09855996234 -6.66137655311 -0.614194931582
124.4195356285028 -2.80035033131 4.50383097682 -6.65883562443 0.722630591877
124.53963170536429 -2.32742553191 3.29846813218 -6.47448634126 2.38603322241
124.65972778222579 -2.01764135927 1.85488280571 -6.08219535761 4.13549208607
124.77982385908727 -1.87591260981 0.555671156665 -5.48983596147 5.67252703187
124.89991993594876 -1.86836913385 -0.35561733363 -4.73623409019 6.80274114756
125.02001601281025 -1.94346254657 -0.824668243274 -3.87332048399 7.50073731713
125.14011208967173 -2.05131394504 -0.916029890417 -2.94868063883 7.84741089923
125.26020816653323 -2.15168609304 -0.710976231365 -1.99893150124 7.92982832563
125.38030424339472 -2.21180864143 -0.247519659662 -1.05318510631 7.78064030975
125.5004003202562 -2.20046418598 0.482870646537 -0.140375291816 7.37364433985
125.62049639711769 -2.08446435684 1.49528759928 0.705744113783 6.66443081606
125.74059247397918 -1.83135538645 2.75315858073 1.4482125323 5.65500332671
125.86068855084068 -1.41817638015 4.13378270714 2.0557824935 4.44255975883
125.98078462770216 -0.840796664162 5.45656851457 2.51432468569 3.20644174765
126.10088070456365 -0.116500311064 6.55843686875 2.83251470554 2.13172505164
126.22097678142514 0.721759330617 7.34398390662 3.03743120859 1.33045657368
126.34107285828662 1.63273351551 7.76035286491 3.16382313707 0.820537906793
126.46116893514812 2.56771892694 7.72360251213 3.24457319779 0.561653744538
126.58126501200961 3.4632468577 7.06981282936 3.30682123803 0.505710086095
126.7013610888711 4.23309901577 5.60271817011 3.37293097165 0.622022448264
126.82145716573258 4.77357911129 3.26320955017 3.46197904116 0.880658738932
126.94155324259407 4.99220479154 0.318691473648 3.58755590306 1.21507956353
127.06164931945557 4.84903608699 -2.65249497042 3.75261514507 1.51952121398
127.18174539631705 4.3782725363 -5.0555235433 3.94741762211 1.69791274171
127.30184147317854 3.67047829537 -6.57683903541 4.15319208107 1.69554446676
127.42193755004003 2.83440299814 -7.20695022931 4.34560442003 1.46500941878
127.54203362690153 1.97036171435 -7.063181878 4.49252478528 0.919880151023
127.66212970376301 1.16458175954 -6.25215718479 4.5495691624 -0.0470389619169
127.7822257806245 0.491100086859 -4.88385546156 4.46282728264 -1.46711694442
127.90232185748599 0.00559207990077 -3.16875244414 4.18465635304 -3.19385180455
128.0224179343475 -0.269365055927 -1.43729057043 3.69579152247 -4.91802209468
128.14251401120896 -0.352006026693 -0.00873699594448 3.01611949719 -6.33026411594
128.26261008807046 -0.290084274062 0.961186815267 2.19394082287 -7.28356836484
128.38270616493193 -0.138653123597 1.49601404171 1.2839420875 -7.80760384026
128.50280224179343 0.0558279091723 1.69418134056 0.331683829771 -8.00367729015
128.62289831865493 0.257437615581 1.61843122026 -0.628031769766 -7.93559793048
128.7429943955164 0.432730631638 1.24458391922 -1.56295462573 -7.57941018568
128.8630904723779 0.540747928025 0.480774341135 -2.43326457034 -6.84179729548
128.98318654923938 0.529490868252 -0.745731627151 -3.18772448162 -5.64487229341
129.10328262610088 0.345453362869 -2.36927513009 -3.77270970333 -4.04507377533
129.22337870296238 -0.0454340179958 -4.13553916029 -4.15285324676 -2.28708595303
129.34347477982385 -0.639782362428 -5.70295784223 -4.32914863018 -0.7026739949
129.46357085668535 -1.39655096201 -6.80855819299 -4.33820734099 0.474657924834
129.58366693354685 -2.25130482747 -7.32009559341 -4.23338712267 1.20067231764
129.70376301040832 -3.12756607094 -7.14996646403 -4.06449521841 1.56028798743
129.82385908726982 -3.93640022002 -6.17368080409 -3.86914945629 1.65502907088
129.9439551641313 -4.57363844059 -4.2852300098 -3.67520234585 1.54327612319
130.0640512409928 -4.93269604148 -1.58564039423 -3.5052756745 1.26288048039
130.1841473178543 -4.93949223645 1.48103609768 -3.37573947388 0.887503468216
130.30424339471577 -4.58824044251 4.27193422588 -3.29127413514 0.532216276069
130.42433947157727 -3.94451670716 6.29927382569 -3.24303950631 0.296422285725
130.54443554843874 -3.11116642254 7.43762540751 -3.21334991721 0.227778923465
130.66453162530024 -2.18802150994 7.82885504838 -3.18074402615 0.349316124957
130.78462770216174 -1.25263470889 7.67011528173 -3.12031326816 0.699786342542
130.90472377902321 -0.362617991575 7.08659474061 -3.00121791865 1.33533308855
131.02481985588472 0.434679190541 6.13284827481 -2.78681443699 2.28675433691
131.1449159327462 1.09794054733 4.86962990263 -2.44126547438 3.50138242758
131.2650120096077 1.59726541669 3.43256847935 -1.9415362068 4.82074298544
131.3851080864692 1.92351448098 2.02229769616 -1.28771626169 6.03297233004
131.50520416333066 2.09151939601 0.821334144113 -0.503568763831 6.97176328098
131.62530024019216 2.13296328565 -0.0788337303178 0.373444880509 7.57895761377
131.74539631705363 2.08474544332 -0.676237031049 1.30477339494 7.8854193909
131.86549239391513 1.98145314293 -0.999771967225 2.25752217388 7.94200637134
131.98558847077663 1.85555382598 -1.04777048614 3.20277737005 7.75621721477
132.1056845476381 1.74310370273 -0.761910614084 4.10845359958 7.26789093731
132.2257806244996 1.6894477063 -0.0557661150393 4.93239632815 6.37966528642
132.34587670136108 1.74785711173 1.09792689331 5.62268614269 5.04436229727
132.46597277822258 1.96589984117 2.56293837831 6.13000570316 3.36528375406
132.58606885508408 2.36308279951 4.0158996478 6.42783500552 1.6084415323
132.70616493194555 2.91386639467 5.05663103048 6.52544463846 0.0741571500892
132.82626100880705 3.54795126129 5.36097788339 6.46172020856 -1.06493075011
132.94635708566852 4.16498905316 4.75814374422 6.28562131651 -1.80845779847
133.06645316253002 4.65433655584 3.25084749653 6.03931179103 -2.25308167361
133.18654923939152 4.91761725109 1.04658294128 5.75207552778 -2.50634426252
133.306645316253 4.89423059291 -1.44140950597 5.44147529763 -2.65498623521
133.4267413931145 4.58009825114 -3.71665221666 5.11571953977 -2.76952603694
133.54683746997597 4.0253749021 -5.40494460794 4.77524931381 -2.90876872445
133.66693354683747 3.31081365426 -6.37757413451 4.41423570611 -3.11798956385
133.78702962369897 2.51910519232 -6.71427445979 4.02227255168 -3.42812795234
133.90712570056044 1.71668501621 -6.58636652782 3.58615159842 -3.8543430498
134.02722177742194 0.948825336813 -6.16446199703 3.09203642806 -4.39092748573
134.14731785428341 0.242396065469 -5.5822115189 2.52826888072 -5.00709363031
134.26741393114492 -0.389411853128 -4.9348231669 1.888269559 -5.65047354305
134.38751000800642 -0.942890760045 -4.28606630163 1.17244300296 -6.25979754691
134.5076060848679 -1.42034359523 -3.67279547943 0.388264529371 -6.78111893162
134.6277021617294 -1.82705213336 -3.10854090863 -0.45136567937 -7.17917542759
134.74779823859086 -2.16885153264 -2.59060441607 -1.33055927977 -7.43883237686
134.86789431545236 -2.45084980885 -2.11181062423 -2.2324624273 -7.55729759488
134.98799039231386 -2.67771622289 -1.67428692462 -3.14000552508 -7.53152971479
135.10808646917533 -2.85553281935 -1.3008798046 -4.03510177657 -7.34582482713
135.22818254603683 -2.99461652293 -1.03891808935 -4.89661043489 -6.96456470189
135.3482786228983 -3.11201705094 -0.949994752189 -5.69804269244 -6.33629441494
135.4683746997598 -3.23166303404 -1.08051350208 -6.40676321003 -5.41531121595
135.5884707766213 -3.37992860348 -1.41698291551 -6.98682610592 -4.19894456797
135.70856685348278 -3.57598777432 -1.84957850987 -7.40630021828 -2.75990480496
135.82866293034428 -3.82014015333 -2.18046416788 -7.64650930514 -1.24089249495
135.94875900720575 -4.08682154459 -2.19191748221 -7.70760978449 0.198604073646
136.06885508406725 -4.32792330773 -1.74126116871 -7.60656332822 1.447082769
136.18895116092875 -4.48628470107 -0.826639982008 -7.36917333381 2.46922068845
136.30904723779022 -4.51348385811 0.409485540038 -7.02161417621 3.28883648173
136.42914331465172 -4.38428557172 1.73667957832 -6.58536952789 3.95477077783
136.5492393915132 -4.1020407997 2.9243758797 -6.07591339907 4.51524125008
136.6693354683747 -3.69379247604 3.81808627045 -5.50360994464 5.00609589751
136.7894315452362 -3.19879084907 4.36949831408 -4.87543070955 5.44796536998
136.90952762209767 -2.65644773746 4.61831259682 -4.19672255234 5.84775434147
137.02962369895917 -2.09818431844 4.65058350715 -3.47264469414 6.20244529346
137.14971977582064 -1.54430659551 4.56005207163 -2.70907243911 6.50395148965
137.26981585268214 -1.00465356574 4.42476390948 -1.91292777371 6.74355761424
137.38991192954364 -0.481121306786 4.29845929008 -1.0920686938 6.91467100206
137.51000800640512 0.029382229673 4.210949395 -0.25497401488 7.0135114829
137.63010408326662 0.532273422902 4.17179087917 0.589558636417 7.03836043064
137.75020016012812 1.03307212737 4.17354783265 1.43259117374 6.98842863616
137.8702962369896 1.5354616606 4.19313316373 2.26510831091 6.86315924994
137.9903923138511 2.03940958531 4.19171034653 3.07803526403 6.66213705925
138.11048839071256 2.53929509263 4.11541705126 3.86226045328 6.38514735918
138.23058446757406 3.02235165226 3.90058077952 4.60863615959 6.03162213462
138.35068054443556 3.46820243819 3.48720722988 5.30784559297 5.59892344584
138.47077662129703 3.85058718924 2.84169643939 5.94999540878 5.07957657529
138.59087269815853 4.14212410831 1.98295996021 6.52385647005 4.45840762842
138.71096877502 4.32173807946 0.997864886047 7.01583987711 3.71136143192
138.8310648518815 4.38246876746 0.0299361054214 7.40905925374 2.80863121354
138.951160928743 4.33596885767 -0.763709368026 7.68318826703 1.72525777372
139.07125700560448 4.21058391575 -1.27204070862 7.81611777145 0.460207338786
139.19135308246598 4.04273585988 -1.47657978942 7.78812830409 -0.942865471277
139.31144915932745 3.86495985946 -1.45736494589 7.58785837383 -2.38962397273
139.43154523618895 3.69611617298 -1.35223952911 7.21733943716 -3.75745567785
139.55164131305045 3.53825460076 -1.29275660681 6.69291666123 -4.93795056523
139.67173738991193 3.38062910258 -1.35527628261 6.04125572349 -5.87122135734
139.79183346677343 3.20735099177 -1.55060226571 5.29287541632 -6.55139272748
139.9119295436349 3.00418468683 -1.84549296854 4.47663215058 -7.0078290537
140.0320256204964 2.76196030027 -2.19367768597 3.61699341694 -7.28057357455
140.1521216973579 2.476619871 -2.55908350447 2.73387748946 -7.40343805625
140.27221777421937 2.14725668024 -2.92594235012 1.84388254191 -7.39759983933
140.39231385108087 1.77363568254 -3.29806607099 0.96178419169 -7.27287534107
140.51240992794234 1.35423665917 -3.69147890356 0.101594951117 -7.03330426931
140.63250600480384 0.885402542554 -4.12377201604 -0.723182866068 -6.68468170006
140.75260208166534 0.361845126509 -4.60269238207 -1.50022027332 -6.24177570701
140.87269815852682 -0.221527742416 -5.11561266356 -2.21973884136 -5.73260537282
140.99279423538832 -0.86662957174 -5.62097442773 -2.87608601315 -5.19708767446
141.1128903122498 -1.56830364158 -6.04158973776 -3.46876340584 -4.67945167147
141.2329863891113 -2.30973223989 -6.26002750634 -4.00229341208 -4.21721622997
141.3530824659728 -3.05764526658 -6.12143403685 -4.48480998014 -3.83184241312
141.47317854283426 -3.75901689865 -5.45894031775 -4.92583084631 -3.5247357774
141.59327461969576 -4.34315009453 -4.15983080757 -5.33386518465 -3.27804752453
141.71337069655723 -4.7339675875 -2.26374620606 -5.71423129643 -3.05679722475
141.83346677341873 -4.87304942604 -0.0281632498518 -6.06709441874 -2.81033443183
141.95356285028024 -4.74413343666 2.1222817407 -6.38562456117 -2.47267381452
142.0736589271417 -4.3841860015 3.75621025569 -6.65402754879 -1.95987618345
142.1937550040032 -3.87426371361 4.58943472283 -6.84531457429 -1.17111407282
142.31385108086468 -3.31719690949 4.54630055556 -6.92067482904 -0.0194533045551
142.43394715772618 -2.81244113735 3.75571384506 -6.83529384241 1.49364747782
142.55404323458768 -2.43305723656 2.51980659885 -6.55348325508 3.21284718023
142.67413931144915 -2.20947212281 1.22491564518 -6.06629805138 4.86536936408
142.79423538831065 -2.12805793869 0.19308784703 -5.39771086277 6.20222836483
142.91433146517213 -2.14633384225 -0.425737640477 -4.59366533923 7.11712984947
143.03442754203363 -2.21408625226 -0.641379097394 -3.70382626288 7.64427276077
143.15452361889513 -2.28745904313 -0.533468042322 -2.76947003618 7.87316156114
143.2746196957566 -2.33207907139 -0.170600013852 -1.82199243919 7.86926749168
143.3947157726181 -2.31930655568 0.421406473877 -0.888177963852 7.64298748635
143.51481184947957 -2.22153357784 1.24604303542 0.00370116960934 7.16474775856
143.63490792634107 -2.01094083193 2.29550586136 0.821606799758 6.41046539906
143.75500400320257 -1.66350719923 3.50913612834 1.53360867665 5.41340155766
143.87510008006404 -1.16638336345 4.76409432604 2.11661402763 4.28700995352
143.99519615692554 -0.523498435288 5.91304683079 2.56466051881 3.19354029809
144.11529223378702 0.244826549078 6.83747715746 2.89085232205 2.27674318039
144.23538831064852 1.10683413659 7.46297570086 3.12165246251 1.61056937872
144.35548438751002 2.02266440351 7.71902627338 3.28784650089 1.19659925195
144.4755804643715 2.9412038462 7.48085368923 3.41768818899 0.998036560024
144.595676541233 3.792096274 6.55836778288 3.53461756869 0.976026559184
144.71577261809446 4.48227966413 4.78892070767 3.65799053848 1.10023356089
144.83586869495596 4.90995999378 2.22265917182 3.80308519034 1.3280100238
144.95596477181746 4.99954654341 -0.750001338131 3.97804621182 1.5819893879
145.07606084867894 4.73800873876 -3.5219685751 4.18026953426 1.76702437486
145.19615692554044 4.18234178838 -5.58728950173 4.39672149884 1.80930961662
145.3162530024019 3.43276673811 -6.74216373469 4.60701575921 1.6549655156
145.4363490792634 2.59808408853 -7.02072994784 4.7833645141 1.22765521737
145.5564451561249 1.77720495189 -6.53052289598 4.88650812122 0.417052744505
145.67654123298638 1.05571045186 -5.38803879746 4.86496944889 -0.852124616907
145.79663730984788 0.501852600291 -3.78048949778 4.66613505316 -2.50637401851
145.91673338670938 0.153858538766 -2.02005533587 4.2579696773 -4.282499095
146.03682946357085 0.0084558070401 -0.459676313231 3.6462004929 -5.84603808857
146.15692554043235 0.0260254195116 0.672681350096 2.87133119541 -6.97867940868
146.27702161729383 0.151405625708 1.34396760321 1.98844900698 -7.65392332927
146.39711769415533 0.333844648909 1.64050380402 1.04759330581 -7.96228903004
146.51721377101683 0.533965959582 1.64755557118 0.0870149630872 -7.99190341162
146.6373098478783 0.718480047545 1.37448726402 -0.861417118938 -7.7541360651
146.7574059247398 0.850056171517 0.749616050541 -1.76192912874 -7.17719658864
146.87750200160127 0.88075786325 -0.315961209382 -2.56786398556 -6.16716843529
146.99759807846277 0.756554838785 -1.81476627456 -3.2254748712 -4.72007601308
147.11769415532427 0.434879493181 -3.55801919141 -3.69090002448 -3.01121252219
147.23779023218574 -0.0949371692076 -5.22473892727 -3.95085370964 -1.35384587747
147.35788630904725 -0.805159741157 -6.52450125013 -4.02970146603 -0.0302994661447
147.47798238590872 -1.6410563497 -7.30240482877 -3.97625777655 0.84618712546
147.59807846277022 -2.53548486675 -7.48802168463 -3.84255502101 1.3221994258
147.71817453963172 -3.41203002269 -6.98192479798 -3.67056839983 1.49973822777
147.8382706164932 -4.17859128518 -5.6314076062 -3.49138530786 1.44941286028
147.9583666933547 -4.72763627188 -3.36688666534 -3.33036696309 1.20141751445
148.07846277021616 -4.95927833401 -0.415620884013 -3.20897698727 0.801895870919
148.19855884707766 -4.82266799964 2.65279522943 -3.13961693426 0.356860943121
148.31865492393916 -4.34337113046 5.20071414736 -3.11985937394 -0.00511249885537
148.43875100080064 -3.60899004417 6.87536072704 -3.13418831425 -0.202871130277
148.55884707766214 -2.72671628093 7.68778132501 -3.1609205921 -0.209113650296
148.6789431545236 -1.78931185292 7.8277389058 -3.17583440998 0.000282838616363
148.7990392313851 -0.866595123612 7.46353765028 -3.15004175327 0.480247998884
148.9191353082466 -0.0136571082833 6.67251683578 -3.04699672138 1.29523559933
149.03923138510808 0.720504796052 5.4944126559 -2.82501084106 2.45384466517
149.15932746196958 1.29441434484 4.02940020437 -2.44806058319 3.8466981953
149.27942353883105 1.68490915519 2.48021370708 -1.90045991866 5.25416906769
149.39951961569255 1.89643006992 1.08519003024 -1.19489389766 6.4444524149
149.51961569255405 1.95837277837 0.0055970992144 -0.366733807401 7.28515682635
149.63971176941553 1.9120210295 -0.720790688476 0.540666229084 7.77150835678
149.75980784627703 1.79782068445 -1.13277528359 1.48824475761 7.9654647637
149.8799039231385 1.65103615353 -1.26537599921 2.4441070567 7.91209821809
150.0 1.50589053491 -1.09593622674 3.37793932862 7.58827638295
