0.0 -2.0 0.0 1.0 0.0 0.0 0.0
0.040160642570281124 -1.98067672448 0.960749375539 0.990338362241 -0.48037468777 2.7075606689e-08 2.76064787909e-08
0.08032128514056225 -1.92308048604 1.90293415392 0.96154024302 -0.951467076958 1.99875587253e-07 2.16184727576e-07
0.12048192771084337 -1.82832330651 2.80834782461 0.914161653254 -1.40417391231 6.71476377242e-08 8.03498016223e-08
0.1606425702811245 -1.69823702166 3.65949494108 0.849118510829 -1.82974747054 2.75420686159e-08 3.81997017272e-08
0.20080321285140562 -1.53533485538 4.43992969149 0.767667427691 -2.21996484574 1.17113681396e-07 1.98728993414e-07
0.24096385542168675 -1.34276466877 5.13457033685 0.671382334386 -2.56728516842 3.04528362608e-07 6.75596422249e-07
0.28112449799196787 -1.12424779461 5.72999308791 0.562123897307 -2.86499654395 4.19954261114e-07 1.32903598654e-06
0.321285140562249 -0.884006383103 6.21469319766 0.442003191552 -3.10734659883 5.25606827217e-07 2.69034422265e-06
0.3614457831325301 -0.626683668341 6.57930186445 0.31334183417 -3.28965093222 4.03032244234e-07 4.10487054042e-06
0.40160642570281124 -0.357251776034 6.81677577739 0.178625888017 -3.40838788869 2.03547880848e-07 6.37928848883e-06
0.44176706827309237 -0.0809163268451 6.92252789105 0.0404581634226 -3.46126394552 4.45942014122e-08 2.72422139761e-05
0.4819277108433735 0.19698269474 6.89451454872 -0.0984913473699 -3.44725727436 1.02758408197e-07 1.0593279031e-05
0.5220883534136547 0.471075338533 6.73327657415 -0.235537669266 -3.36663828708 2.2522981421e-07 4.05983757189e-06
0.5622489959839357 0.736065279152 6.44192919447 -0.368032639576 -3.22096459724 3.20643533917e-07 2.3672922133e-06
0.6024096385542169 0.986832173231 6.02610195345 -0.493416086616 -3.01305097673 4.25496384334e-07 1.74771568187e-06
0.642570281124498 1.21853015945 5.49383012116 -0.609265079725 -2.74691506058 5.02541471635e-07 1.3538187011e-06
0.6827309236947792 1.42668252317 4.85539729578 -0.713341261586 -2.42769864789 7.0652298212e-07 1.3884581956e-06
0.7228915662650602 1.60726487519 4.12314494142 -0.803632437595 -2.06157247071 2.08786378398e-07 3.23286467325e-07
0.7630522088353414 1.75679022466 3.3112189901 -0.878395112329 -1.65560949505 1.07324575677e-07 1.39097472356e-07
0.8032128514056225 1.87236851159 2.43530923421 -0.936184255793 -1.2176546171 4.81459481118e-07 5.49334152203e-07
0.8433734939759037 1.95176648088 1.51234133466 -0.975883240442 -0.756170667329 8.37065844653e-07 8.78947912092e-07
0.8835341365461847 1.99344975052 0.560150230137 -0.996724875262 -0.280075115068 1.21639267873e-06 1.22439667026e-06
0.9236947791164659 1.99661292777 -0.402864578325 -0.998306463885 0.201432289162 1.55911865257e-06 1.56440805062e-06
0.963855421686747 1.96119487802 -1.35809443844 -0.98059743901 0.679047219219 1.84451979628e-06 1.91822764276e-06
1.0040160642570282 1.88788001473 -2.28708111791 -0.943940007367 1.14354055896 2.04135041048e-06 2.29100893957e-06
1.0441767068273093 1.77808503235 -3.17187350611 -0.889042516177 1.58593675306 2.13144745779e-06 2.69666642562e-06
1.0843373493975903 1.63393154785 -3.99537447364 -0.816965773927 1.99768723682 2.10366742321e-06 3.15185782468e-06
1.1244979919678715 1.45820509734 -4.74167125562 -0.729102548672 2.37083562781 1.95860792026e-06 3.68440254317e-06
1.1646586345381527 1.25430145188 -5.39634330115 -0.62715072594 2.69817165058 1.6644265462e-06 4.23172171017e-06
1.2048192771084338 1.02616050632 -5.9467398448 -0.513080253158 2.9733699224 1.3236340338e-06 5.02797323791e-06
1.2449799196787148 0.778190759538 -6.38222547085 -0.389095379769 3.19111273543 9.48310213105e-07 6.2637272651e-06
1.285140562248996 0.515183807883 -6.69438515748 -0.257591903942 3.34719257874 5.74816161183e-07 8.66277485647e-06
1.3253012048192772 0.242221828974 -6.87718697891 -0.121110914487 3.43859348945 2.37726285861e-07 1.62067734466e-05
1.3654618473895583 -0.0354206952083 -6.92709775357 0.0177103476042 3.46354887679 2.94448494579e-08 9.3893757441e-05
1.4056224899598393 -0.312378655368 -6.8431538921 0.156189327684 3.42157694605 1.98573543432e-07 8.14002511657e-06
1.4457831325301205 -0.583300320731 -6.62697743617 0.291650160366 3.31348871809 2.35069620609e-07 2.76359544172e-06
1.4859437751004017 -0.842950566275 -6.2827457592 0.421475283137 3.1413728796 1.12741765431e-07 6.34660048071e-07
1.5261044176706828 -1.08631209179 -5.81711059491 0.543156045895 2.90855529745 1.79312701121e-07 6.07800829809e-07
1.5662650602409638 -1.30868237001 -5.23906956637 0.654341185003 2.61953478318 6.29085810033e-07 1.46926488978e-06
1.606425702811245 -1.50576452711 -4.55979275908 0.752882263555 2.27989637954 1.19247147375e-06 2.10373987662e-06
1.6465863453815262 -1.67375060637 -3.79240543361 0.836875303187 1.89620271681 1.69223090565e-06 2.41621747135e-06
1.6867469879518073 -1.80939427872 -2.95173546062 0.904697139361 1.47586773031 2.17747634293e-06 2.66038628571e-06
1.7269076305220883 -1.91007424991 -2.0540281539 0.955037124955 1.02701407695 2.70671919182e-06 2.96756415342e-06
1.7670682730923695 -1.97384497378 -1.11662986686 0.986922486889 0.558314933432 3.28904157122e-06 3.37676113647e-06
1.8072289156626506 -1.99947387415 -0.157658654927 0.999736937074 0.0788293274636 4.0482924945e-06 4.05039043506e-06
1.8473895582329318 -1.98646689553 0.804361122324 0.993233447767 -0.402180561162 4.35074863835e-06 4.41019192513e-06
1.8875502008032128 -1.93507476065 1.75083796309 0.967537380324 -0.875418981544 4.476832581e-06 4.78223808894e-06
1.927710843373494 -1.84629052706 2.66348287529 0.923145263528 -1.33174143765 4.42126881345e-06 5.18802814018e-06
1.9678714859437751 -1.72182970903 3.52466099185 0.860914854517 -1.76233049592 4.22760022259e-06 5.70385603063e-06
2.0080321285140563 -1.564097128 4.3177313426 0.782048564 -2.1588656713 3.9700235428e-06 6.49112538554e-06
2.0481927710843375 -1.37614130114 5.02736528542 0.688070650572 -2.51368264271 3.4296707793e-06 7.24402722882e-06
2.0883534136546187 -1.16159378223 5.63985487046 0.580796891117 -2.81992743523 2.8028330189e-06 8.30886001237e-06
2.1285140562248994 -0.924600407252 6.1433637494 0.462300203626 -3.0716818747 2.11358472464e-06 9.88923967043e-06
2.1686746987951806 -0.669740730091 6.52816236988 0.334870365046 -3.26408118494 1.40685714105e-06 1.25454334602e-05
2.208835341365462 -0.401939510639 6.78681497143 0.200969755319 -3.39340748571 7.45567101721e-07 1.84590478441e-05
2.248995983935743 -0.126371587795 6.91432368911 0.0631857938976 -3.45716184456 1.9547352095e-07 4.89560668203e-05
2.289156626506024 0.151637915216 6.90822635485 -0.0758189576079 -3.45411317742 1.70400194917e-07 2.96442329215e-05
2.3293172690763053 0.426717582324 6.76863829961 -0.213358791162 -3.3843191498 3.23225355081e-07 7.10052571312e-06
2.3694779116465865 0.693551624917 6.4982576769 -0.346775812458 -3.24912883845 2.57726830881e-07 2.14320591528e-06
2.4096385542168677 0.946983929069 6.10230898672 -0.473491964534 -3.05115449336 2.30028992941e-08 1.0260233931e-07
2.4497991967871484 1.18211734149 5.58844335948 -0.591058670744 -2.79422167974 4.98691343731e-07 1.42747793658e-06
2.4899598393574296 1.3944082996 4.96659040286 -0.697204149802 -2.48329520143 1.13494943291e-06 2.33482619649e-06
2.5301204819277108 1.57975463854 4.24876640383 -0.789877319271 -2.12438320191 1.88316502594e-06 3.01832826764e-06
2.570281124497992 1.73457474342 3.44884179817 -0.86728737171 -1.72442089908 2.7329038831e-06 3.63324894638e-06
2.610441767068273 1.85587705011 2.58227421028 -0.927938525053 -1.29113710514 3.59670122255e-06 4.17697930179e-06
2.6506024096385543 1.94131759783 1.66580861077 -0.970658798916 -0.832904305384 4.40969468818e-06 4.68027384705e-06
2.6907630522088355 1.98924540041 0.717154211448 -0.994622700205 -0.358577105724 5.10667058912e-06 5.16198367508e-06
2.7309236947791167 1.99873433958 -0.245357819839 -0.999367169789 0.12267890992 5.63163728618e-06 5.63870820769e-06
2.7710843373493974 1.96960118249 -1.20312851798 -0.984800591247 0.601564258988 5.88275705215e-06 6.06567368992e-06
2.8112449799196786 1.90240879678 -2.13765071859 -0.951204398392 1.06882535929 5.88203897769e-06 6.50091596055e-06
2.8514056224899598 1.79845553847 -3.03086631441 -0.899227769233 1.5154331572 5.64188747376e-06 6.97716413577e-06
2.891566265060241 1.65975008641 -3.86551579322 -0.829875043206 1.93275789661 5.19919894239e-06 7.54926151096e-06
2.931726907630522 1.48897285021 -4.62546993953 -0.744486425107 2.31273496977 4.52458415244e-06 8.16315443938e-06
2.9718875502008033 1.28942359184 -5.29604529144 -0.644711795918 2.64802264572 3.75641981212e-06 9.03722385712e-06
3.0120481927710845 1.06495833728 -5.86428336669 -0.532479168641 2.93214168335 2.91913126518e-06 1.02953102245e-05
3.0522088353413657 0.819913848595 -6.31920493257 -0.409956924297 3.15960246628 2.20480506352e-06 1.31184447533e-05
3.0923694779116464 0.559027170715 -6.65201414202 -0.279513585357 3.32600707101 1.26669212839e-06 1.6212543247e-05
3.1325301204819276 0.28733783602 -6.85628606634 -0.14366891801 3.42814303317 5.44931486617e-07 2.63993558406e-05
3.1726907630522088 0.0100961820418 -6.92807161752 -0.00504809102091 3.46403580876 1.50443229311e-08 0.000589665833948
3.21285140562249 -0.267340518351 -6.86598493634 0.133670259175 3.43299246817 2.78530176687e-07 1.55889266899e-05
3.253012048192771 -0.539611314116 -6.67122448228 0.269805657058 3.33561224114 3.10550592468e-07 4.26612881669e-06
3.2931726907630523 -0.801455085933 -6.34755363949 0.400727542967 3.17377681974 9.13190561354e-08 5.68674194118e-07
3.3333333333333335 -1.04781223255 -5.90122659376 0.523906116276 2.95061329688 3.2567381871e-07 1.18651949638e-06
3.3734939759036147 -1.27392214594 -5.34086793309 0.63696107297 2.67043396654 9.33060847676e-07 2.29975824807e-06
3.4136546184738954 -1.47541604613 -4.67730397454 0.737708023067 2.33865198727 1.53240749661e-06 2.81580651005e-06
3.4538152610441766 -1.64839823758 -3.92336213958 0.824199118792 1.96168106979 2.90791274905e-06 4.28068589483e-06
3.4939759036144578 -1.78952862069 -3.09360703282 0.894764310345 1.54680351641 4.0652311786e-06 5.07765899749e-06
3.534136546184739 -1.89607933285 -2.20407310135 0.948039666427 1.10203655068 5.19525983504e-06 5.7802847711e-06
3.57429718875502 -1.9659915489 -1.27194927928 0.982995774451 0.635974639639 6.16859608527e-06 6.38377375745e-06
3.6144578313253013 -1.99791419223 -0.315247436523 0.998957096115 0.157623718262 6.97648885619e-06 6.99096551824e-06
3.6546184738955825 -1.9912304768 0.647545773033 0.995615238399 -0.323772886517 7.52570715927e-06 7.59202536629e-06
3.6947791164658637 -1.94606954443 1.59782597725 0.973034772213 -0.798912988625 7.77876777108e-06 8.21574496224e-06
3.7349397590361444 -1.86330407292 2.51723058989 0.931652036462 -1.25861529494 7.70729178679e-06 8.87946118625e-06
3.7751004016064256 -1.74453337418 3.38799365845 0.872266687089 -1.69399682923 7.31389451414e-06 9.61261989772e-06
3.8152610441767068 -1.59205250571 4.19328914835 0.796026252853 -2.09664457418 6.62514167862e-06 1.04551750096e-05
3.855421686746988 -1.40880791817 4.91755609073 0.704403959083 -2.45877804536 5.69242045226e-06 1.14721133468e-05
3.895582329317269 -1.19834058417 5.54679944563 0.599170292086 -2.77339972281 4.56950435682e-06 1.27279217326e-05
3.9357429718875503 -0.964717337701 6.06885998295 0.48235866885 -3.03442999148 3.38377504021e-06 1.45428215414e-05
3.9759036144578315 -0.712452588403 6.47364980607 0.356226294202 -3.23682490304 2.22419341199e-06 1.75269109564e-05
4.016064257028113 -0.446420929712 6.75334704299 0.223210464856 -3.3766735215 1.18931488666e-06 2.38697031437e-05
4.056224899598393 -0.17176298617 6.90254703833 0.0858814930848 -3.45127351917 3.67804653128e-07 4.98625787979e-05
4.096385542168675 0.106213945151 6.91836653776 -0.0531069725754 -3.45918326888 1.66298205599e-07 5.89706199508e-05
4.136546184738956 0.382138394241 6.80049991073 -0.191069197121 -3.40024995537 3.59700664341e-07 9.85299904548e-06
4.176706827309237 0.650678561303 6.55122498868 -0.325339280652 -3.27561249434 1.78741139907e-07 1.68870187629e-06
4.216867469879518 0.906645358051 6.17535861574 -0.453322679025 -3.08767930787 3.81341613835e-07 1.85565696063e-06
4.257028112449799 1.14509265398 5.68016383935 -0.57254632699 -2.84008191968 1.29520079454e-06 3.9510488976e-06
4.2971887550200805 1.36141290374 5.07520941341 -0.680706451871 -2.53760470671 2.49191835412e-06 5.37785890557e-06
4.337349397590361 1.55142604018 4.37218562657 -0.775713020092 -2.18609281328 3.90166257417e-06 6.48398369158e-06
4.377510040160643 1.71146071222 3.5846767215 -0.85573035611 -1.79233836075 5.28409526137e-06 7.21589980056e-06
4.417670682730924 1.83842423193 2.7278997754 -0.919212115966 -1.3639498877 6.63371772354e-06 7.85088630809e-06
4.457831325301205 1.92986337431 1.81840868637 -0.964931687155 -0.909204343185 7.78556067754e-06 8.36160204553e-06
4.497991967871486 1.98401024568 0.873784060157 -0.992005122841 -0.436892030078 9.13266560332e-06 9.28029251551e-06
4.538152610441767 1.99982014423 -0.0877268604852 -0.999910072115 0.0438634302426 9.8091095355e-06 9.81068149668e-06
4.578313253012048 1.97698673484 -1.04754213088 -0.988493367422 0.523771065442 1.016727773e-05 1.04051448361e-05
4.618473895582329 1.91595119103 -1.98711524465 -0.957975595513 0.993557622327 1.01986065825e-05 1.11127692191e-05
4.658634538152611 1.81789263211 -2.88829019422 -0.908946316053 1.44414509711 1.00251821805e-05 1.21340356436e-05
4.698795180722891 1.68470595166 -3.73365287355 -0.842352975829 1.86682643678 9.59504030926e-06 1.3522183631e-05
4.738955823293173 1.5189650791 -4.50686775528 -0.759482539549 2.25343387764 8.78214203969e-06 1.52248017072e-05
4.779116465863454 1.32387299061 -5.19299390716 -0.661936495303 2.59649695358 7.53847750404e-06 1.72042619799e-05
4.819277108433735 1.10319946836 -5.7787732623 -0.55159973418 2.88938663115 6.00861240002e-06 1.97473553266e-05
4.859437751004016 0.861208638629 -6.25288674557 -0.430604319314 3.12644337279 4.34784207665e-06 2.34475046681e-05
4.899598393574297 0.602576647252 -6.60617306826 -0.301288323626 3.30308653413 2.70477223285e-06 2.97947823678e-05
4.9397590361445785 0.332301161303 -6.83180567877 -0.166150580651 3.41590283938 1.25239991787e-06 4.53628049991e-05
4.979919678714859 0.0556049552272 -6.92542632446 -0.0278024776136 3.46271316223 1.5932969268e-07 0.00020603961838
5.020080321285141 -0.222165506665 -6.88522527125 0.111082753333 3.44261263562 4.11272936979e-07 3.33323407293e-05
5.0602409638554215 -0.495642938923 -6.7119782648 0.247821469462 3.3559891324 3.91014388609e-07 6.36678835716e-06
5.100401606425703 -0.759542751476 -6.4090334566 0.379771375738 3.2045167283 2.47287887011e-07 1.71457662538e-06
5.140562248995984 -1.00876550036 -5.98224480673 0.504382750181 2.99112240337 1.48878092339e-06 5.85201272208e-06
5.180722891566265 -1.23849532621 -5.43985852309 0.619247663106 2.71992926154 3.28343319531e-06 8.56233064643e-06
5.220883534136546 -1.44429313024 -4.79235626393 0.722146565119 2.39617813196 5.51307828502e-06 1.05714431204e-05
5.261044176706827 -1.62218245629 -4.05225151037 0.811091228147 2.02612575519 7.9334717463e-06 1.20590583288e-05
5.301204819277109 -1.76872568756 -3.2338437276 0.884362843781 1.6169218638 1.0438083045e-05 1.33459096521e-05
5.341365461847389 -1.88109107177 -2.35294721659 0.940545535887 1.17647360829 1.28712416254e-05 1.45495028056e-05
5.381526104417671 -1.95710743749 -1.42658463886 0.978553718743 0.713292319428 1.5010676145e-05 1.56753517921e-05
5.421686746987952 -1.99530590464 -0.472656071204 0.997652952322 0.236328035602 1.66914172106e-05 1.67694825758e-05
5.461847389558233 -1.99494903187 0.490404963332 0.997474515937 -0.245202481666 1.74467850337e-05 1.75346282044e-05
5.502008032128514 -1.95604473702 1.44399091933 0.978022368509 -0.721995459667 1.67191241211e-05 1.74783634062e-05
5.542168674698795 -1.87934311965 2.36967591206 0.939671559824 -1.18483795603 1.53922511291e-05 1.74315029655e-05
5.582329317269076 -1.76632633618 3.2495728159 0.883163168091 -1.62478640795 1.35554817139e-05 1.7378727078e-05
5.622489959839357 -1.61917532965 4.06667442473 0.809587664824 -2.03333721236 1.25312785801e-05 1.91183766637e-05
5.662650602409639 -1.4407371514 4.80519480163 0.720368575702 -2.40259740082 1.07805891207e-05 2.07737514443e-05
5.7028112449799195 -1.23445917642 5.45086296825 0.617229588212 -2.72543148412 8.72855472615e-06 2.29102045099e-05
5.742971887550201 -1.00432618772 5.99120430389 0.502163093859 -2.99560215194 6.83952616711e-06 2.71214481517e-05
5.783132530120482 -0.7547882597 6.41576665451 0.37739412985 -3.20788332725 4.46906778073e-06 3.1376132241e-05
5.823293172690763 -0.490664762718 6.7163588662 0.245332381359 -3.3581794331 2.47982347089e-06 4.11979145578e-05
5.863453815261044 -0.217060048899 6.88716838828 0.108530024449 -3.44358419414 8.84385378007e-07 7.50717505328e-05
5.903614457831325 0.0607389550795 6.92489544791 -0.0303694775398 -3.46244772396 1.8263118153e-07 0.000198094461438
5.943775100401607 0.337364156543 6.82881032952 -0.168682078271 -3.41440516476 6.24696205177e-07 2.1955839725e-05
5.983935742971887 0.607470240234 6.60077082991 -0.303735120117 -3.30038541495 3.83058330786e-07 4.15220221737e-06
6.024096385542169 0.865837964997 6.2451828882 -0.432918982498 -3.1225914441 5.24250162718e-07 2.79719592084e-06
6.06425702811245 1.10747480212 5.76891734628 -0.55373740106 -2.88445867314 2.03060243096e-06 6.6223393798e-06
6.104417670682731 1.32771153188 5.18117712192 -0.66385576594 -2.59058856096 4.01990819606e-06 9.12138419976e-06
6.144578313253012 1.52229244842 4.49331931486 -0.761146224209 -2.24665965743 6.33969403202e-06 1.0942652278e-05
6.184738955823293 1.68745759616 3.71863562249 -0.84372879808 -1.85931781125 8.81403245649e-06 1.23810690575e-05
6.224899598393574 1.82001513212 2.87209481479 -0.910007566059 -1.4360474074 1.13912750389e-05 1.37553100416e-05
6.265060240963855 1.91740403972 1.97005646823 -0.958702019862 -0.985028234116 1.36947221136e-05 1.48995447108e-05
6.305220883534137 1.97774254435 1.02995100339 -0.988871272177 -0.514975501696 1.54869970096e-05 1.58370372364e-05
6.3453815261044175 1.99986442782 0.0699424377414 -0.99993221391 -0.0349712188707 1.67586289952e-05 1.6760339398e-05
6.385542168674699 1.98334231776 -0.891416938446 -0.991671158882 0.445708469223 1.73649617114e-05 1.76572525067e-05
6.42570281124498 1.92849540447 -1.83555171826 -0.964247702236 0.917775859132 1.72946036022e-05 1.86001835942e-05
6.465863453815261 1.83638356455 -2.74421720314 -0.918191782274 1.37210860157 1.6528268482e-05 1.96039473643e-05
6.506024096385542 1.7087866949 -3.59985547141 -0.854393347452 1.79992773571 1.51312715481e-05 2.07272509377e-05
6.546184738955823 1.54817038402 -4.38593245599 -0.77408519201 2.19296622799 1.32156964497e-05 2.20543051455e-05
6.586345381526105 1.35763828206 -5.08725869683 -0.678819141032 2.54362934841 1.09271159519e-05 2.37124700425e-05
6.626506024096385 1.14087216588 -5.6902818456 -0.570436082941 2.8451409228 8.42618289761e-06 2.58937179034e-05
6.666666666666667 0.902060687311 -6.18334964153 -0.451030343655 3.09167482076 5.91602506205e-06 2.90799211823e-05
6.706827309236948 0.645818527519 -6.55693448544 -0.32290926376 3.27846724272 3.59746977407e-06 3.44989739644e-05
6.746987951807229 0.377096992238 -6.80381785204 -0.188548496119 3.40190892602 1.68847247095e-06 4.74904831547e-05
6.78714859437751 0.101088653613 -6.91922915376 -0.0505443268067 3.45961457688 3.34279939997e-07 0.000130813285018
6.827309236947791 -0.176873185341 -6.90093835782 0.0884365926705 3.45046917891 3.72163531725e-07 4.75895004607e-05
6.867469879518072 -0.451417154609 -6.74929826997 0.225708577305 3.37464913498 3.78620788181e-07 7.43215543878e-06
6.907630522088353 -0.717238277188 -6.46723955058 0.358619138594 3.23361977529 3.11234452102e-07 2.42001822775e-06
6.947791164658635 -0.96919995294 -6.0602121799 0.48459997647 3.03010608995 1.64951031524e-06 7.02396206505e-06
6.9879518072289155 -1.20243348245 -5.53608148564 0.601216741227 2.76804074282 3.52424130527e-06 9.74978497736e-06
7.028112449799197 -1.41243199851 -4.9049752859 0.706215999256 2.45248764295 5.7935770444e-06 1.16161334449e-05
7.068273092369478 -1.59513763199 -4.17908870017 0.797568815996 2.08954435008 8.28144206957e-06 1.30184215408e-05
7.108433734939759 -1.74701989461 -3.37244831362 0.873509947307 1.68622415681 1.07985289349e-05 1.41519600538e-05
7.14859437751004 -1.8651438578 -2.50064130876 0.932571928899 1.25032065438 1.31779858303e-05 1.51520431266e-05
7.188755020080321 -1.94722709157 -1.58051368685 0.973613545783 0.790256843424 1.51841925389e-05 1.60178629653e-05
7.228915662650603 -1.99168345651 -0.629845257552 0.995841728254 0.314922628776 1.66680417497e-05 1.68069667328e-05
7.269076305220883 -1.99765391352 0.332993970017 0.998826956762 -0.166496985009 1.75110052595e-05 1.75515438628e-05
7.309236947791165 -1.96502309582 1.2893989627 0.982511547911 -0.644699481349 1.76468861067e-05 1.82800288873e-05
7.349397590361446 -1.89442148677 2.22088847159 0.947210743385 -1.1104442358 1.70914401372e-05 1.90488552643e-05
7.389558232931727 -1.78721334499 3.10946301673 0.893606672497 -1.55473150836 1.58871396037e-05 1.98946189551e-05
7.429718875502008 -1.64547026472 3.93795233237 0.82273513236 -1.96897616619 1.41364688199e-05 2.08834724867e-05
7.469879518072289 -1.47193122302 4.69034727059 0.735965611509 -2.34517363529 1.19608888068e-05 2.20815334082e-05
7.51004016064257 -1.26994956865 5.35210903988 0.634974784324 -2.67605451994 9.52933210378e-06 2.3633550769e-05
7.550200803212851 -1.04342825993 5.91045018539 0.521714129963 -2.95522509269 7.02886243758e-06 2.58224482664e-05
7.590361445783133 -0.796744197085 6.35458048572 0.398372098543 -3.17729024286 4.70086327422e-06 2.96192505643e-05
7.6305220883534135 -0.534664438392 6.6759184799 0.267332219196 -3.33795923995 2.63911929463e-06 3.69253262459e-05
7.670682730923695 -0.262253322357 6.86825529986 0.131126661178 -3.43412764993 1.00746951551e-06 5.85866975975e-05
7.710843373493976 0.015225235645 6.92787447681 -0.00761261782252 -3.46393723841 4.00338460059e-08 0.000691767115392
7.751004016064257 0.292409442426 6.8536239877 -0.146204721213 -3.42681199385 3.89794632309e-07 1.82359712889e-05
7.791164658634538 0.563943161113 6.64693880527 -0.281971580557 -3.32346940263 1.79634738003e-08 2.25932886687e-07
7.831325301204819 0.824579521685 6.31181315051 -0.412289760842 -3.15590657526 1.17149602842e-06 6.89175350659e-06
7.871485943775101 1.06928228247 5.8547233617 -0.534641141237 -2.92736168085 2.96885601614e-06 1.03861684974e-05
7.911646586345381 1.2933229434 5.28450086747 -0.6466614717 -2.64225043374 5.2766718278e-06 1.26181344974e-05
7.951807228915663 1.49237229343 4.6121642141 -0.746186146715 -2.30608210705 7.91806383724e-06 1.42204154077e-05
7.991967871485944 1.66258389136 3.85070470054 -0.83129194568 -1.92535235027 1.07507636324e-05 1.55567422292e-05
8.032128514056225 1.80066874352 3.01483679049 -0.900334371762 -1.50741839524 1.35482714287e-05 1.67132808435e-05
8.072289156626505 1.90395862397 2.12071236476 -0.951979311986 -1.06035618238 1.60886604114e-05 1.77520880947e-05
8.112449799196787 1.9704576453 1.18560896822 -0.985228822652 -0.592804484111 1.81723514421e-05 1.87206381729e-05
8.152610441767068 1.99888083368 0.227595912679 -0.999440416842 -0.113797956339 1.96365923942e-05 1.96578145852e-05
8.19277108433735 1.98867897275 -0.734814779806 -0.994339486373 0.367407389903 2.03622720521e-05 2.05939178296e-05
8.23293172690763 1.94004946018 -1.68302613799 -0.970024730088 0.841513068996 2.01655262813e-05 2.14301560586e-05
8.273092369477911 1.85393166375 -2.59871578089 -0.926965831877 1.29935789045 1.92171321188e-05 2.23635991063e-05
8.313253012048193 1.73198975412 -3.46418949775 -0.865994877062 1.73209474887 1.75475891723e-05 2.33973401778e-05
8.353413654618475 1.57658002868 -4.26272364855 -0.788290014341 2.13136182428 1.52975811154e-05 2.46166716212e-05
8.393574297188755 1.39070558263 -4.9788874651 -0.695352791314 2.48944373255 1.26180243739e-05 2.60950594796e-05
8.433734939759036 1.17795796947 -5.59884319815 -0.588978984735 2.79942159908 9.76982434715e-06 2.81619482377e-05
8.473895582329318 0.942448241928 -6.11061054179 -0.471224120964 3.05530527089 6.94137132256e-06 3.12581377276e-05
8.514056224899598 0.688726640508 -6.50430116997 -0.344363320254 3.25215058499 4.44446943575e-06 3.74760318211e-05
8.55421686746988 0.421697810238 -6.77230331566 -0.210848905119 3.38615165783 2.15087998721e-06 4.83761673882e-05
8.594377510040161 0.146519792139 -6.90944482616 -0.0732598960696 3.45472241308 5.56030357802e-07 0.000103580006523
8.634538152610443 -0.131489281219 -6.91307192884 0.0657446406096 3.45653596442 3.11170648706e-07 7.20013188065e-05
8.674698795180722 -0.40695757865 -6.78311573047 0.203478789325 3.39155786523 3.67000169803e-07 8.86412097399e-06
8.714859437751004 -0.674562068202 -6.52208712722 0.337281034101 3.26104356361 3.96990695806e-07 3.48974308824e-06
8.755020080321286 -0.929131755761 -6.13503014301 0.46456587788 3.06751507151 1.92478901643e-06 8.91827314372e-06
8.795180722891565 -1.16574770467 -5.62942376262 0.582873852334 2.81471188131 4.04443820308e-06 1.19041589578e-05
8.835341365461847 -1.37983758402 -5.01503781436 0.689918792009 2.50751890718 6.6033295736e-06 1.38725077181e-05
8.875502008032129 -1.56726437276 -4.30374428115 0.783632186379 2.15187214057 9.43123724118e-06 1.53578633348e-05
8.91566265060241 -1.7244063994 -3.50928678008 0.862203199699 1.75464339004 1.22988130759e-05 1.65435828522e-05
8.95582329317269 -1.84822593863 -2.64702174438 0.924112969314 1.32351087219 1.55477260623e-05 1.82054297975e-05
8.995983935742972 -1.9363321671 -1.73360628425 0.968166083548 0.866803142127 1.81771193785e-05 1.9391369735e-05
9.036144578313253 -1.98702204383 -0.78669169706 0.993511021916 0.39334584853 2.02132397424e-05 2.04773032349e-05
9.076305220883533 -1.99931612702 0.175424197296 0.999658063509 -0.087712098648 2.14704878449e-05 2.14842552898e-05
9.116465863453815 -1.97297688456 1.13415004179 0.986488442281 -0.567075020896 2.18362709637e-05 2.24375267009e-05
9.156626506024097 -1.90851315854 2.07096026867 0.954256579271 -1.03548013434 2.13419731422e-05 2.34360214398e-05
9.196787148594378 -1.80717060704 2.96775258098 0.903585303519 -1.48387629049 2.00237220522e-05 2.45236545393e-05
9.236947791164658 -1.67090749541 3.80719794301 0.835453747705 -1.9035989715 1.79875257269e-05 2.57693949523e-05
9.27710843373494 -1.50235687326 4.57307576803 0.751178436629 -2.28653788401 1.53922409949e-05 2.72767068831e-05
9.317269076305221 -1.30477548081 5.25058745486 0.652387740405 -2.62529372743 1.25073016071e-05 2.93850555725e-05
9.357429718875501 -1.08198145811 5.82663986117 0.540990729053 -2.91331993059 9.46372141815e-06 3.23336115992e-05
9.397590361445783 -0.838279540369 6.29010239842 0.419139770184 -3.14505119921 6.57298333666e-06 3.74121177933e-05
9.437751004016064 -0.578380023359 6.63201619493 0.289190011679 -3.31600809746 3.81478578291e-06 4.56104083199e-05
9.477911646586346 -0.307304311635 6.84577838927 0.153652155818 -3.42288919464 1.6024307068e-06 6.78645532009e-05
9.518072289156626 -0.03029041426 6.92725737771 0.01514520713 -3.46362868885 1.13429788088e-07 0.000494023350753
9.558232931726907 0.247308821538 6.87487905941 -0.123654410769 -3.4374395297 5.45549800323e-07 3.56817518639e-05
9.598393574297189 0.520129182784 6.68965500339 -0.260064591392 -3.34482750169 3.20083700178e-07 4.73265905081e-06
9.63855421686747 0.782898890104 6.37516455569 -0.391449445052 -3.18758227785 7.77907980533e-07 5.07659425564e-06
9.67871485943775 1.03054039971 5.93748501752 -0.515270199855 -2.96874250876 2.65822631189e-06 1.00118239406e-05
9.718875502008032 1.25826857127 5.3850731621 -0.629134285637 -2.69253658105 5.13605100139e-06 1.29757165595e-05
9.759036144578314 1.46168298829 4.7286025282 -0.730841494147 -2.3643012641 7.97965669849e-06 1.49391138777e-05
9.799196787148594 1.63685176908 3.98076118179 -0.81842588454 -1.99038059089 1.1448848658e-05 1.70918178445e-05
9.839357429718875 1.78039140903 3.15599792597 -0.890195704516 -1.57799896298 1.48179984528e-05 1.86983082536e-05
9.879518072289157 1.8895279525 2.27025029921 -0.94476397625 -1.1351251496 1.79351569369e-05 2.00928285277e-05
9.919678714859439 1.96215254351 1.34063410158 -0.981076271753 -0.670317050792 2.05484890037e-05 2.13479317411e-05
9.959839357429718 1.9968617478 0.385112717414 -0.998430873898 -0.192556358707 2.24984756792e-05 2.25682294183e-05
10.0 1.99298491641 -0.577849991732 -0.996492458205 0.288924995866 2.36126678798e-05 2.37780574895e-05
