0.0 -0.5 0.5 3.001 5.9
0.040032025620496396 -0.470990254614 0.956775098183 3.22836875681 5.45179484425
0.08006405124099279 -0.422840452922 1.45516133962 3.4369260758 4.96119561037
0.1200960768614892 -0.35403039211 1.98749282107 3.62511321953 4.43551203963
0.16012810248198558 -0.263391373322 2.54393898881 3.79170914851 3.88424302864
0.200160128102482 -0.150183376751 3.11301011157 3.9359088632 3.31857858931
0.2401921537229784 -0.0141484759296 3.68226182594 4.05737789431 2.75067946938
0.28022417934347477 0.144467323087 4.23908032993 4.15627391746 2.19284293351
0.32025620496397117 0.324922742937 4.77145384155 4.23323513352 1.65664271638
0.3602882305844676 0.526018534093 5.26860628277 4.28933567784 1.15216730413
0.400320256204964 0.746156111537 5.72141017984 4.32601384509 0.687445752544
0.4403522818254604 0.983407424527 6.12253696392 4.34498224266 0.268116820463
0.4803843074459568 1.23558562758 6.46634035069 4.34812966477 -0.102636191164
0.5204163330664532 1.50030629964 6.74853410621 4.33742573347 -0.423923173728
0.5604483586869495 1.77503301023 6.96572287984 4.31483536953 -0.696795880664
0.600480384307446 2.05710260551 7.11488539967 4.28225014983 -0.923783952474
0.6405124099279423 2.34373031637 7.19289407105 4.24143931921 -1.10838350517
0.6805444355484388 2.63199769864 7.1961498935 4.19402118792 -1.25455958987
0.7205764611689351 2.91882923977 7.12039463933 4.14145340096 -1.36630995641
0.7606084867894315 3.20096604775 6.9607468923 4.0850387355 -1.44732589401
0.800640512409928 3.47494556131 6.71198030255 4.0259422905 -1.50076678983
0.8406725380304243 3.73709743571 6.36904879301 3.965215204 -1.52916144167
0.8807045636509208 3.98356502851 5.92783003221 3.90381976323 -1.53443402224
0.9207365892714171 4.21036000665 5.38602521608 3.84265119957 -1.51804159892
0.9607686148919136 4.41345442256 4.74411715189 3.7825521558 -1.4811987447
1.00080064051241 4.58891061182 4.00625945191 3.72431689526 -1.42515374032
1.0408326661329064 4.73304228536 3.18093758121 3.66868433663 -1.35146637261
1.0808646917534028 4.84259507891 2.2812540856 3.6163207591 -1.26223636956
1.120896717373899 4.91492848998 1.32472053808 3.56779531669 -1.16023411731
1.1609287429943955 4.94818081051 0.332538879844 3.52355232491 -1.04891167825
1.200960768614892 4.94139219446 -0.671659668316 3.48388639804 -0.932264285372
1.2409927942353882 4.89457189989 -1.66338156165 3.44892509409 -0.814595965926
1.2810248198558847 4.8086979356 -2.61900592744 3.41862255353 -0.700214227471
1.3210568454763811 4.68564896949 -3.51740368689 3.39276551123 -0.593128501977
1.3610888710968776 4.52807747084 -4.34123462173 3.37099032219 -0.496807535211
1.4011208967173738 4.33923949754 -5.07775906822 3.35280787644 -0.414040479855
1.4411529223378703 4.12280360951 -5.71911611022 3.33763153063 -0.346916148246
1.4811849479583667 3.88265853003 -6.26209412773 3.32480369518 -0.296912394018
1.521216973578863 3.62273840515 -6.70750246008 3.31361712389 -0.265065530935
1.5612489991993594 3.34687895828 -7.05929025703 3.30332844948 -0.252179693545
1.601281024819856 3.0587113943 -7.32355980276 3.29316322407 -0.259036744969
1.6413130504403524 2.76159574272 -7.50760388138 3.28231310247 -0.286573419666
1.6813450760608486 2.45859058602 -7.61906447721 3.26992702141 -0.336002120219
1.721377101681345 2.15245304933 -7.66526355009 3.25509885523 -0.408864510052
1.7614091273018415 1.84566169206 -7.65273638751 3.23685436223 -0.507012613425
1.801441152922338 1.54045394476 -7.58696565322 3.21414031461 -0.632520528103
1.8414731785428342 1.23887046892 -7.47230001935 3.18581842685 -0.787533867003
1.8815052041633307 0.942799513054 -7.31203196958 3.15066637005 -0.974067700871
1.9215372297838271 0.654015316921 -7.1086051582 3.10738774599 -1.19376648534
1.9615692554043234 0.374206417339 -6.86391523481 3.05463204092 -1.44764512905
2.00160128102482 0.104990497284 -6.57966912623 2.9910250257 -1.73583232735
2.0416333066453163 -0.152085608477 -6.25776148144 2.91520893322 -2.05734297092
2.0816653322658127 -0.395560632133 -5.90062672318 2.82589069338 -2.40990802934
2.121697357886309 -0.624086501616 -5.51152515357 2.72189536435 -2.78988968598
2.1617293835068057 -0.836465446892 -5.09472587621 2.60222083934 -3.19230455786
2.2017614091273017 -1.03169189608 -4.65556012402 2.46608923966 -3.61096696885
2.241793434747798 -1.20899372193 -4.20033245185 2.31299019413 -4.03875123577
2.2818254603682946 -1.36786713478 -3.73609668132 2.14271148727 -4.4679546224
2.321857485988791 -1.50810030522 -3.2703230821 1.95535370478 -4.89072686264
2.3618895116092875 -1.62978217425 -2.81049947495 1.75132709536 -5.29952079005
2.401921537229784 -1.73329484968 -2.36371860337 1.53133082039 -5.68751409788
2.4419535628502804 -1.8192901359 -1.93630363708 1.29631670812 -6.04895703216
2.4819855884707764 -1.88865251523 -1.5335162563 1.04744110094 -6.3794109799
2.522017614091273 -1.94245265979 -1.15937795749 0.786009717668 -6.67585860381
2.5620496397117694 -1.98189630055 -0.816615760192 0.513420752004 -6.93668478266
2.602081665332266 -2.00827332738 -0.506723082086 0.231111026864 -7.16154579679
2.6421136909527623 -2.02291127838 -0.230124437683 -0.0594907145947 -7.35114440221
2.6821457165732587 -2.0271370608 0.0135926879243 -0.357000232547 -7.50695061524
2.722177742193755 -2.02224887577 0.225403568037 -0.660102341215 -7.63089351303
2.762209767814251 -2.0094993915 0.406559859955 -0.967563121478 -7.72505350318
2.8022417934347477 -1.99009027337 0.558314142961 -1.27823013241 -7.7913759425
2.842273819055244 -1.96517719108 0.681673858772 -1.59102187975 -7.8314220695
2.8823058446757406 -1.93588385152 0.777197309335 -1.90490825443 -7.84616738309
2.922337870296237 -1.9033232856 0.844840216897 -2.2188838783 -7.83585390014
2.9623698959167335 -1.86862405135 0.883860231962 -2.53193680607 -7.79990177284
3.00240192153723 -1.83295904256 0.892784603267 -2.84301491018 -7.73688441742
3.042433947157726 -1.79757423123 0.869447283523 -3.15099262079 -7.64457251799
3.0824659727782224 -1.76381443034 0.811101640606 -3.45464090232 -7.52005250845
3.122497998398719 -1.73314293719 0.714614113337 -3.75260354987 -7.35992439847
3.1625300240192153 -1.70715179256 0.576741144963 -4.04338299777 -7.16058079996
3.202562049639712 -1.68755919418 0.394485528115 -4.32533900265 -6.91856260759
3.2425940752602083 -1.67619147264 0.165518853533 -4.59670266996 -6.63097721365
3.2826261008807047 -1.67494707127 -0.111355666414 -4.85560821694 -6.29595223118
3.322658126501201 -1.6857419189 -0.435739572873 -5.10014285816 -5.91308375743
3.362690152121697 -1.71043705282 -0.805227692173 -5.3284136632 -5.48382440067
3.4027221777421937 -1.75075176761 -1.21510479559 -5.53862776959 -5.01175337575
3.44275420336269 -1.80816772404 -1.65820774742 -5.72918007673 -4.50266961425
3.4827862289831866 -1.88383159424 -2.12499329485 -5.89874035539 -3.96446673209
3.522818254603683 -1.97846477154 -2.60382331734 -6.0463307692 -3.40677846651
3.5628502802241795 -2.09228863016 -3.08144928228 -6.17138485226 -2.8404151986
3.602882305844676 -2.22497227146 -3.54364089585 -6.27378073848 -2.27665232515
3.642914331465172 -2.37560704869 -3.97588140022 -6.35384436358 -1.72645751279
3.6829463570856684 -2.54270890672 -4.36404320628 -6.41232208068 -1.19975705145
3.722978382706165 -2.72424581126 -4.69497025135 -6.45032654825 -0.704831571262
3.7630104083266613 -2.91768610032 -4.95691632426 -6.46926182936 -0.247912509806
3.803042433947158 -3.12006115332 -5.13982666957 -6.47073708108 0.166989147191
3.8430744595676543 -3.32803636722 -5.23548882877 -6.45647813881 0.538032736229
3.8831064851881507 -3.53798637188 -5.23759762163 -6.42824475655 0.86531334034
3.9231385108086467 -3.74607217878 -5.14178961069 -6.38776004057 1.15049685356
3.963170536429143 -3.94831989677 -4.94570283942 -6.33665613378 1.39639831029
4.00320256204964 -4.14070291159 -4.64908955373 -6.27643634078 1.60656129189
4.0432345876701365 -4.31922975716 -4.25398897731 -6.20845374168 1.7848855028
4.083266613290633 -4.48003986825 -3.76493411755 -6.13390340457 1.93533863265
4.123298638911129 -4.61950715401 -3.18913662869 -6.05382355345 2.06175866349
4.1633306645316255 -4.73434971389 -2.53658236899 -5.96910330744 2.16774776002
4.2033626901521215 -4.82174026433 -1.81997223358 -5.88049301219 2.25663588333
4.243394715772618 -4.87941022934 -1.05444801245 -5.78861496774 2.3314965554
4.283426741393114 -4.90573783214 -0.257077793913 -5.69397291309 2.39518659218
4.323458767013611 -4.89981149206 0.553863480083 -5.59695982857 2.45038793947
4.363490792634107 -4.86146040685 1.35978695477 -5.49786424831 2.49964074198
4.403522818254603 -4.79124813306 2.14274276853 -5.39687558379 2.54535830311
4.4435548438751 -4.69042898124 2.88634409247 -5.29408916838 2.58982685982
4.483586869495596 -4.56086884395 3.57654672173 -5.18951152102 2.6351939376
4.523618895116093 -4.40493859666 4.20220560966 -5.08306621322 2.68345361264
4.563650920736589 -4.22539205242 4.75537120362 -4.97460027409 2.73643524001
4.603682946357086 -4.02523638746 5.23131802365 -4.86389090903 2.79579701025
4.643714971977582 -3.80760651576 5.62833556818 -4.75065239496 2.86302473896
4.683746997598078 -3.57565158968 5.94734719421 -4.63454296908 2.93943269076
4.723779023218575 -3.33243942914 6.19141627226 -4.51517169996 3.02616233348
4.763811048839071 -3.08088119485 6.3652149928 -4.39210552128 3.12417557578
4.803843074459568 -2.82367718248 6.47450612696 -4.2648766795 3.23424051127
4.843875100080064 -2.56328298113 6.52567944039 -4.13299089562 3.35690935583
4.883907125700561 -2.30189275043 6.52537433534 -3.99593657678 3.49249047756
4.923939151321057 -2.04143469427 6.48018735287 -3.85319515254 3.64101855889
4.963971176941553 -1.78357718749 6.3964653667 -3.70425259684 3.80222644087
5.00400320256205 -1.52974221195 6.28018364993 -3.54861204834 3.97552408117
5.044035228182546 -1.28112094875 6.13686658441 -3.38580689552 4.15998774707
5.084067253803043 -1.03869297981 5.97156721663 -3.2154141554 4.3543632878
5.124099279423539 -0.803245028861 5.78887010646 -3.03706738339 4.55708532566
5.164131305044036 -0.575389359348 5.59290963634 -2.85046846796 4.76631253622
5.204163330664532 -0.355581301463 5.38739469573 -2.65539771155 4.97997787038
5.244195356285028 -0.144135947514 5.17563221638 -2.45172171294 5.19585214855
5.2842273819055245 0.0587563921363 4.96054545819 -2.23939823697 5.41161515952
5.324259407526021 0.253015136183 4.74468721398 -2.01847857567 5.62493031873
5.3642914331465175 0.438654328058 4.53024844201 -1.78910659276 5.83352239164
5.4043234587670135 0.615768646027 4.31906382276 -1.55151483153 6.03524468405
5.44435548438751 0.78451930878 4.11261803149 -1.30601823407 6.22813834656
5.484387510008006 0.94512024117 3.9120550824 -1.05300573358 6.41047867227
5.524419535628502 1.09782404781 3.71819380274 -0.792929757563 6.58080829095
5.564451561248999 1.24291040622 3.53154986925 -0.526295701831 6.73794695685
5.604483586869495 1.38067391442 3.35236671238 -0.253650559618 6.88099193972
5.644515612489992 1.51141429639 3.18065302407 0.0244276197119 7.00930133768
5.684547638110488 1.63542732136 3.01623040685 0.3073402237 7.12246366313
5.724579663730985 1.75299901804 2.85878295991 0.594475811984 7.22025839886
5.764611689351481 1.86440077211 2.70791322185 0.885217273449 7.30260952727
5.804643714971977 1.96988719588 2.56320011619 1.1789465245 7.36953341331
5.844675740592474 2.06969706388 2.42425464044 1.4750469658 7.42108331441
5.88470776621297 2.16405510601 2.2907726209 1.77290402085 7.45729976349
5.924739791833467 2.25317608891 2.162591272 2.0719036415 7.4781565555
5.964771817453963 2.33727191114 2.03973097627 2.37142859303 7.48351429677
6.00480384307446 2.4165594297 1.92242759122 2.67085333797 7.47308286656
6.044835868694956 2.49127008012 1.81117373657 2.9695367005 7.44637832797
6.084867894315452 2.5616602504 1.70672186173 3.26681405049 7.40270717766
6.124899919935949 2.62802166318 1.61008799092 3.56198862332 7.34115197832
6.164931945556445 2.69069198376 1.52253765684 3.85432222278 7.26057112894
6.204963971176942 2.75006353844 1.44555355531 4.1430271567 7.15961481329
6.244995996797438 2.80659188355 1.3807760668 4.4272576709 7.03676229144
6.285028022417935 2.86080000126 1.32992678834 4.70610473559 6.89037643497
6.325060048038431 2.91327989 1.29470666082 4.97859260811 6.71878048527
6.365092073658927 2.96468892358 1.2766664731 5.24367940535 6.52036026477
6.405124099279424 3.01574118515 1.27706611436 5.50026185278 6.29367901053
6.44515612489992 3.06719294472 1.29671202549 5.74718466019 6.03761246913
6.4851881505204165 3.11982061818 1.33579355626 5.98325643002 5.75148855838
6.5252201761409125 3.1743934999 1.39372593085 6.20726994839 5.43522265515
6.5652522017614094 3.23163984487 1.46901078756 6.41802825001 5.08943971922
6.6052842273819055 3.29220696109 1.55913266862 6.61437587443 4.71556673223
6.645316253002402 3.35662102751 1.6605208965 6.79523073754 4.31586969071
6.685348278622898 3.42524412882 1.76856215763 6.95961836332 3.89344826026
6.725380304243394 3.49823417554 1.87769653282 7.10670398669 3.45216129098
6.765412329863891 3.57551043054 1.98158817883 7.2358202576 2.99649295518
6.805444355484387 3.65672677069 2.07336851845 7.34648892723 2.53136473326
6.845476381104884 3.7412564624 2.14593846789 7.43843374006 2.06190901589
6.88550840672538 3.82818961697 2.19230804492 7.51158405489 1.59322627044
6.925540432345877 3.91634462531 2.20595319182 7.56606878186 1.13014626053
6.965572457966373 4.00429394318 2.18116152894 7.60220112681 0.677018212305
7.005604483586869 4.09040278485 2.1133447652 7.62045601099 0.237546060619
7.045636509207366 4.17287947437 1.99929908309 7.62144188361 -0.185320278893
7.085668534827862 4.24983543955 1.83739730637 7.60586912032 -0.589432647523
7.125700560448359 4.31935036689 1.627697958 7.57451821161 -0.973433979426
7.165732586068855 4.37954062187 1.37197369179 7.52820901626 -1.33670160578
7.205764611689352 4.42862702013 1.07365266418 7.46777312342 -1.67925458666
7.245796637309848 4.46499854857 0.737678914554 7.39403038459 -2.0016405971
7.285828662930344 4.48726900294 0.370298540362 7.3077701595 -2.30481489086
7.325860688550841 4.494323752 -0.0212172174481 7.20973740234 -2.59002180507
7.365892714171337 4.48535442423 -0.428896124212 7.10062329689 -2.85868659826
7.405924739791834 4.45987995852 -0.844417149012 6.98105992741 -3.1123220914
7.44595676541233 4.41775337386 -1.25947032242 6.85161838279 -3.35245155739
7.485988791032827 4.35915435043 -1.66610109646 6.7128096009 -3.58054790165
7.526020816653323 4.28456866286 -2.05701859565 6.56508735684 -3.7979875467
7.566052842273819 4.19475632229 -2.42585009455 6.40885283365 -4.00601695671
7.606084867894316 4.09071082685 -2.76732899213 6.24446031469 -4.20572974688
7.646116893514812 3.97361234092 -3.0774095504 6.07222360767 -4.39805248892
7.6861489191353085 3.84477772085 -3.35330888545 5.89242289947 -4.58373778711
7.7261809447558045 3.70561023501 -3.59348163091 5.70531175992 -4.76336345033
7.766212970376301 3.55755155642 -3.79753728527 5.51112406001 -4.93733686104
7.806244995996797 3.40203793268 -3.96611397382 5.31008062895 -5.10590404096
7.8462770216172935 3.24046204678 -4.10072277922 5.10239546289 -5.26916277032
7.88630904723779 3.07414146483 -4.20357667309 4.88828133784 -5.42707915359
7.926341072858286 2.90429401284 -4.27741545266 4.6679547076 -5.5795070175
7.966373098478783 2.73202007035 -4.32533817452 4.44163977836 -5.72620929283
8.00640512409928 2.55829147666 -4.35065290504 4.20957167293 -5.86688037484
8.046437149719775 2.38394562254 -4.35674044163 3.97199875151 -6.00116866757
8.086469175340273 2.20968502488 -4.34694297076 3.72918400536 -6.12869818517
8.126501200960769 2.03608070342 -4.32447603614 3.48140563067 -6.24908842445
8.166533226581265 1.86357858729 -4.2923609929 3.22895686658 -6.36197160413
8.206565252201761 1.69250841021 -4.25337862741 2.9721451647 -6.46700637275
8.246597277822257 1.52309389081 -4.21003947973 2.71129094899 -6.5638882919
8.286629303442755 1.35546391561 -4.16456967982 2.44672597455 -6.65235630514
8.326661329063251 1.18966407997 -4.1189083215 2.1787915181 -6.73219579153
8.366693354683747 1.02566789745 -4.07471429664 1.90783652359 -6.80323787902
8.406725380304243 0.863387889332 -4.03337946663 1.63421580547 -6.86535648251
8.446757405924739 0.702685933054 -3.99604519856 1.358288493 -6.91846319855
8.486789431545237 0.543382913901 -3.96362230007 1.08041658627 -6.96250040432
8.526821457165733 0.385267522755 -3.93680958125 0.80096392198 -6.99743401113
8.566853482786229 0.22810448339 -3.91611267447 0.520295316036 -7.02324605998
8.606885508406725 0.071641788013 -3.90185846822 0.238776146124 -7.03992814684
8.646917534027223 -0.0843821844284 -3.89420861201 -0.04322802978 -7.04747562457
8.686949559647719 -0.240232460813 -3.89316622426 -0.32535141532 -7.04588397117
8.726981585268215 -0.396171004559 -3.89858137066 -0.607228053497 -7.03514619297
8.76701361088871 -0.552450784081 -3.91014884298 -0.888491599259 -7.01525327235
8.807045636509207 -0.709309323848 -3.92740526932 -1.16877537023 -6.98619502081
8.847077662129704 -0.8669623085 -3.94971881083 -1.44771229114 -6.94796440313
8.8871096877502 -1.02559658409 -3.97627921476 -1.72493514373 -6.90056139107
8.927141713370697 -1.18536269713 -4.00608213087 -2.00007697063 -6.84399975148
8.967173738991193 -1.34636695625 -4.03791661298 -2.27277169872 -6.77831185953
9.007205764611689 -1.5086627432 -4.07034890796 -2.54265505741 -6.70355569782
9.047237790232186 -1.67224141325 -4.10171147385 -2.80936567851 -6.61981932464
9.087269815852682 -1.83702274086 -4.1300952053 -3.07254638669 -6.5272244309
9.127301841473178 -2.00284524801 -4.15334882308 -3.33184556519 -6.42592754111
9.167333867093674 -2.16945655637 -4.16908662175 -3.58691855776 -6.31611867537
9.207365892714172 -2.3365045168 -4.17470936244 -3.83742888667 -6.19801673141
9.247397918334668 -2.50352893459 -4.1674365771 -4.08304935734 -6.07186197481
9.287429943955164 -2.6699558295 -4.14436008541 -4.32346256358 -5.93790472137
9.32746196957566 -2.83509309213 -4.10251008171 -4.55836115707 -5.79639169137
9.367493995196156 -2.99812998781 -4.03894509543 -4.78744729624 -5.6475491961
9.407526020816654 -3.15814055751 -3.9508582865 -5.01043147206 -5.49156517727
9.44755804643715 -3.31409080642 -3.83570222311 -5.22703064432 -5.32856915119
9.487590072057646 -3.46485262911 -3.691327493 -5.43696543063 -5.15861330448
9.527622097678142 -3.60922221542 -3.51612928061 -5.63995667201 -4.98165317713
9.567654123298638 -3.74594466552 -3.30919867006 -5.83572121255 -4.79753030588
9.607686148919136 -3.87374524679 -3.07045629944 -6.02396703287 -4.60595849934
9.647718174539632 -3.99136467934 -2.8007754529 -6.20438789207 -4.40651240896
9.687750200160128 -4.09759911098 -2.50207076408 -6.37665762006 -4.19862073505
9.727782225780624 -4.19134300774 -2.17734197744 -6.54042424096 -3.98156498215
9.767814251401122 -4.27163262231 -1.83066695286 -6.69530413313 -3.75448416325
9.807846277021618 -4.33768827193 -1.46713636146 -6.84087650119 -3.51638648714
9.847878302642114 -4.38895188125 -1.0927147225 -6.97667861744 -3.26617122461
9.88791032826261 -4.42511876148 -0.714058822859 -7.10220196933 -3.00265809414
9.927942353883106 -4.44616050885 -0.33827148627 -7.21688989798 -2.72462978323
9.967974379503604 -4.45233741139 0.0273803142732 -7.32013713932 -2.43088638736
10.0080064051241 -4.44419878073 0.375775451983 -7.41129187804 -2.12031420948
10.048038430744596 -4.42257082513 0.700249122117 -7.48966078402 -1.79196662969
10.088070456365092 -4.38853247094 0.994892506261 -7.55451747806 -1.44515655544
10.128102481985588 -4.34337945688 1.25482070112 -7.60511495148 -1.07955650468
10.168134507606085 -4.28857888907 1.47639006176 -7.64070195418 -0.695299002593
10.208166533226581 -4.2257161308 1.65735494003 -7.66054334598 -0.293069616713
10.248198558847077 -4.15643702048 1.79695562525 -7.66394370329 0.125817270173
10.288230584467573 -4.08238758935 1.89592240948 -7.65027378423 0.559373073402
10.328262610088071 -4.00515594044 1.95641067154 -7.61899757217 1.00492703631
10.368294635708567 -3.92621759913 1.98185694554 -7.56969906636 1.45916516813
10.408326661329063 -3.84688829765 1.97677099224 -7.50210640806 1.9182180715
10.44835868694956 -3.76828599508 1.94647536833 -7.41611159095 2.37779571584
10.488390712570055 -3.69130421111 1.89681119004 -7.31178392174 2.83335991225
10.528422738190553 -3.616597429 1.83382934899 -7.18937606705 3.28032143794
10.568454763811049 -3.54457865775 1.76348982638 -7.04932208161 3.71424388467
10.608486789431545 -3.47542876575 1.69138874923 -6.89222729205 4.13103701118
10.648518815052041 -3.40911578016 1.62253155803 -6.71885101072 4.52712160534
10.688550840672539 -3.3454221009 1.56116469311 -6.53008345685 4.89955289627
10.728582866293035 -3.28397717179 1.5106717382 -6.3269187053 5.24609500869
10.768614891913531 -3.2242930082 1.47353404148 -6.11042567866 5.56524451874
10.808646917534027 -3.16580008119 1.45135064869 -5.88171917868 5.85620627359
10.848678943154523 -3.10788151447 1.44490254746 -5.64193257818 6.11883333498
10.88871096877502 -3.04990390183 1.4542713898 -5.39219366072 6.35352322223
10.928742994395517 -2.99124219635 1.47894836375 -5.13360538867 6.56112338351
10.968775020016013 -2.93130146337 1.51798913869 -4.86722957535 6.74280076891
11.008807045636509 -2.86953078735 1.57014377277 -4.59407698756 6.89993402218
11.048839071257005 -2.80543333789 1.63399128794 -4.31510065513 7.03400458687
11.088871096877503 -2.73857055976 1.70805334338 -4.03119384894 7.14650671024
11.128903122497999 -2.6685626202 1.79089248729 -3.74319100396 7.23887240186
11.168935148118495 -2.59508507899 1.88118937374 -3.45187145121 7.31241478098
11.20896717373899 -2.5178629055 1.97780068118 -3.15796506748 7.36828831495
11.248999199359488 -2.43666266958 2.07979758939 -2.86215908251 7.40746527193
11.289031224979984 -2.35128344233 2.18648736339 -2.5651056339 7.43072605886
11.32906325060048 -2.26154718779 2.29741941909 -2.26742942237 7.43866198101
11.369095276220976 -2.16728915692 2.4123780541 -1.96973506112 7.43168850136
11.409127301841473 -2.06834882289 2.53136384277 -1.67261370131 7.41006726348
11.44915932746197 -1.96456177343 2.65456534827 -1.37664860873 7.37393554178
11.489191353082466 -1.85575283923 2.7823232555 -1.08241949356 7.32334145518
11.529223378702962 -1.74173092618 2.91508808518 -0.790505213224 7.25828392109
11.569255404323458 -1.6222854461 3.05337279017 -0.501484967433 7.17875620864
11.609287429943954 -1.49718486982 3.19770234 -0.21593758194 7.08479108292
11.649319455564452 -1.36617730628 3.34856123296 0.0655609977313 6.97650631619
11.689351481184948 -1.22899326739 3.50634085031 0.342442061153 6.85414825605
11.729383506805444 -1.08534983641 3.67128775062 0.614149608764 6.71813261205
11.76941553242594 -0.93495852395 3.84345494426 0.880148733295 6.56907717031
11.809447558046438 -0.777533095003 4.0226577156 1.13993352263 6.40782739052
11.849479583666934 -0.612800242916 4.20843413082 1.39303684676 6.23547124241
11.88951160928743 -0.440511145107 4.40001243971 1.63903992924 6.05334056612
11.929543634907926 -0.260454554197 4.59628395506 1.87758200609 5.86299942886
11.969575660528422 -0.0724707249164 4.79578198399 2.10836922686 5.66621848568
12.00960768614892 0.123533901768 4.99666567001 2.33118215584 5.46493496034
12.049639711769416 0.327571509437 5.19670593265 2.54588132061 5.26120213546
12.089671737389912 0.539557071628 5.39327316762 2.75241077671 5.05712904232
12.129703763010408 0.759292038975 5.58332406177 2.95079903951 4.85481485241
12.169735788630904 0.986447476321 5.76338651223 3.14115723925 4.65628203477
12.209767814251402 1.22054663288 5.92954345251 3.32367499491 4.46341216842
12.249799839871898 1.4609467923 6.077416213 3.49861351034 4.27788790399
12.289831865492394 1.70682053704 6.20215561384 3.66629649939 4.10114811747
12.32986389111289 1.9571369263 6.29843826142 3.82710011002 3.93434791081
12.369895916733388 2.21064278309 6.36049834395 3.98144015309 3.77834747163
12.409927942353884 2.46584580338 6.38217231025 4.12976128487 3.63369268295
12.44995996797438 2.72100123356 6.35703091698 4.27252330081 3.50063674949
12.489991993594876 2.97410407366 6.27852986555 4.41019081683 3.37914038638
12.530024019215372 3.22288922416 6.14026779235 4.54322133486 3.26889908707
12.57005604483587 3.46484346037 5.93631146859 4.67205519116 3.16936535886
12.610088070456365 3.69723187511 5.66159979391 4.79710634968 3.07977031706
12.650120096076861 3.91714188421 5.31241487327 4.91875384979 2.9991417855
12.690152121697357 4.12154784306 4.88688309939 5.03733399007 2.92631646962
12.730184147317853 4.30739402021 4.38545603067 5.15313280024 2.85994754075
12.770216172938351 4.47169614774 3.81132329581 5.2663787945 2.79850891185
12.810248198558847 4.61165653976 3.17070720977 5.37723586189 2.74029831182
12.850280224179343 4.72479123981 2.47290320091 5.48579631204 2.68344231457
12.89031224979984 4.80904654896 1.73016539377 5.59207410774 2.62590485369
12.930344275420337 4.86291209558 0.957276372122 5.69599863985 2.56549585142
12.970376301040833 4.88550977574 0.170923064273 5.79740866242 2.49987841292
13.010408326661329 4.87665434619 -0.611113077656 5.89604645861 2.42656884212
13.050440352281825 4.83687938306 -1.37085124946 5.99155177441 2.34292506252
13.090472377902321 4.76742739608 -2.09099543337 6.08345503316 2.24612242639
13.130504403522819 4.67020628982 -2.75571580815 6.1711693922 2.13312140893
13.170536429143315 4.5477178318 -3.35125745836 6.25398152474 2.00063870012
13.210568454763811 4.4029658391 -3.86633981388 6.33104161564 1.84513988649
13.250600480384307 4.2393527729 -4.29235678984 6.40135380674 1.66287373771
13.290632506004805 4.06057121791 -4.62338874744 6.46376928357 1.44997445892
13.3306645316253 3.87049851055 -4.85611738782 6.51698506458 1.20264155431
13.370696557245797 3.67309517881 -4.98967611137 6.55955165749 0.917408268686
13.410728582866293 3.47230996842 -5.02549932544 6.5898931299 0.59148765037
13.450760608486789 3.27199018835 -4.9672022878 6.60634216448 0.223169125513
13.490792634107287 3.07579622571 -4.82049728994 6.60719131174 -0.187777098776
13.530824659727783 2.88711895026 -4.5931233324 6.59075961469 -0.639746922716
13.570856685348279 2.70900037898 -4.29474922899 6.55547128671 -1.12906153629
13.610888710968775 2.54405958366 -3.93680042309 6.49994082847 -1.64989744472
13.65092073658927 2.39442765379 -3.53216740114 6.42305687304 -2.19442528897
13.690952762209768 2.26169741785 -3.09476908876 6.32405591001 -2.75317506399
13.730984787830264 2.14689318048 -2.63898618064 6.20257735152 -3.31559152495
13.77101681345076 2.05046518643 -2.17900245689 6.05869349563 -3.87072655745
13.811048839071256 1.97231125506 -1.72812277666 5.89291035633 -4.40798182444
13.851080864691754 1.91182475811 -1.29814919247 5.70613944464 -4.91780478068
13.89111289031225 1.8679652565 -0.898887624508 5.49964394856 -5.39225554279
13.931144915932746 1.83934505844 -0.537845814662 5.2749661417 -5.82537562462
13.971176941553242 1.82432389441 -0.220134791442 5.03384422421 -6.213344363
14.011208967173738 1.82110347838 0.0514287820344 4.77812714988 -6.55442286789
14.051240992794236 1.8278143576 0.276049942396 4.50969554823 -6.84871597261
14.091273018414732 1.84258951022 0.454574761748 4.23039471513 -7.09781752068
14.131305044035228 1.86362130898 0.589048955603 3.94198336012 -7.30438623631
14.171337069655724 1.88920053469 0.682270476468 3.64609974864 -7.47170940136
14.21136909527622 1.91773802128 0.737374936594 3.34424487174 -7.60329450538
14.251401120896718 1.94777086895 0.757481792308 3.03778086143 -7.70251810558
14.291433146517214 1.97795593 0.745413669763 2.72794209776 -7.77234528469
14.33146517213771 2.00705365972 0.703495767159 2.4158559768 -7.81512734359
14.371497197758206 2.03390538744 0.633432802349 2.10257036546 -7.83247576824
14.411529223378704 2.05740740031 0.536260397434 1.78908434061 -7.82520986048
14.4515612489992 2.07648419872 0.412360576851 1.47637996087 -7.7933682827
14.491593274619696 2.09006362103 0.26153698466 1.16545229057 -7.73628091841
14.531625300240192 2.09705621579 0.0831470412558 0.857335295171 -7.65269939761
14.571657325860688 2.09634069903 -0.123724203739 0.553121646394 -7.5409724548
14.611689351481186 2.08675725791 -0.360048631464 0.253974532622 -7.39926806281
14.651721377101682 2.06711003321 -0.626612950993 -0.0388701150371 -7.2258293142
14.691753402722178 2.03617961678 -0.923764949074 -0.324112142107 -7.01925125006
14.731785428342674 1.99274559999 -1.25116746664 -0.600406880082 -6.77876090808
14.77181745396317 1.93561843217 -1.60758401821 -0.86639576477 -6.50447740657
14.811849479583667 1.86367883833 -1.99072123798 -1.12074656379 -6.19762609777
14.851881505204164 1.77592189547 -2.39715214713 -1.36220068467 -5.86067977747
14.89191353082466 1.67150236735 -2.82233898787 -1.5896244285 -5.49740333293
14.931945556445156 1.54977694124 -3.26076277006 -1.80205977732 -5.11278696096
14.971977582065653 1.41033900096 -3.70615378984 -1.99876999141 -4.7128641418
15.01200960768615 1.25304367733 -4.15179192349 -2.17927683847 -4.30443853297
15.052041633306645 1.07801732639 -4.59087494028 -2.34338321368 -3.89470578413
15.092073658927141 0.885654824999 -5.01685323045 -2.49118166223 -3.49087525893
15.132105684547637 0.676602917594 -5.42374259665 -2.6230469692 -3.09976933427
15.172137710168135 0.451732715538 -5.80634374655 -2.73961335051 -2.7274765627
15.212169735788631 0.212105715751 -6.16035213269 -2.84173938935 -2.37908075799
15.252201761409127 -0.0410621647857 -6.48234369412 -2.93046402085 -2.05848970508
15.292233787029623 -0.306433631386 -6.7696407283 -3.00695770921 -1.76837106281
15.33226581265012 -0.582575110687 -7.02008085582 -3.07247359949 -1.51018738335
15.372297838270617 -0.867971926426 -7.2317142897 -3.12830102025 -1.28431519532
15.412329863891113 -1.16102998336 -7.40246744756 -3.17572561308 -1.09022655879
15.452361889511609 -1.46006423111 -7.52980984602 -3.21599730441 -0.926707227404
15.492393915132105 -1.76327418281 -7.61046208731 -3.25030754512 -0.792088857099
15.532425940752603 -2.06870929927 -7.64018139874 -3.27977569368 -0.684472369628
15.572457966373099 -2.37422795915 -7.61365833847 -3.30544381933 -0.601924948856
15.612489991993595 -2.67745502883 -7.52455610039 -3.32827863246 -0.542636215114
15.652522017614091 -2.97574417218 -7.36571768106 -3.34917863335 -0.505022570126
15.692554043234587 -3.26615272556 -7.1295693849 -3.36898434129 -0.487768481371
15.732586068855085 -3.54543578662 -6.80870694219 -3.38848869582 -0.489806522757
15.77261809447558 -3.81006824465 -6.3966710756 -3.40844551878 -0.510230118953
15.812650120096077 -4.05630017028 -5.8888514283 -3.42957329739 -0.54815277872
15.852682145716573 -4.280250052 -5.28344617201 -3.45255249796 -0.60252926233
15.89271417133707 -4.47803585581 -4.58235829804 -3.47801536372 -0.671967204992
15.932746196957567 -4.64593779685 -3.7918935016 -3.50652868801 -0.754563615859
15.972778222578063 -4.7805832415 -2.92311284721 -3.53857103753 -0.847803202416
16.01281024819856 -4.87913659123 -1.99171737365 -3.57450767663 -0.948550121111
16.052842273819056 -4.93947415536 -1.01742257988 -3.61456734862 -1.05314491644
16.09287429943955 -4.96032394741 -0.0228390685038 -3.65882493582 -1.15760000587
16.13290632506005 -4.94135245474 0.968019138715 -3.7071934511 -1.25786076637
16.172938350680546 -4.88318788754 1.93139689042 -3.75942686586 -1.35007979303
16.21297037630104 -4.78737717219 2.84540440365 -3.81513325506 -1.43084813534
16.253002401921538 -4.65628331615 3.69134630094 -3.87379551714 -1.49733400035
16.293034427542032 -4.49293759406 4.45460949395 -3.93479529446 -1.54730003282
16.33306645316253 -4.30086832738 5.12503841513 -3.99743491109 -1.57900120414
16.373098478783028 -4.0839222426 5.69681628588 -4.06095347201 -1.59098335904
16.413130504403522 -3.84610063945 6.16794399926 -4.12453352338 -1.58182881749
16.45316253002402 -3.59142072863 6.53944077684 -4.18729715418 -1.5498932727
16.493194555644514 -3.32381375821 6.81444089918 -4.24829241683 -1.49308952898
16.533226581265012 -3.04705818497 6.99730307414 -4.306472507 -1.40875060082
16.57325860688551 -2.76474636619 7.09284672749 -4.36067152006 -1.29360261441
16.613290632506004 -2.48027817133 7.10579721172 -4.40958187394 -1.14386143163
16.653322658126502 -2.19687206424 7.04045768166 -4.4517377107 -0.95545790323
16.693354683746996 -1.91758444748 6.90063473645 -4.48551014617 -0.72438257728
16.733386709367494 -1.64532708559 6.68978645152 -4.50911809151 -0.447123082299
16.77341873498799 -1.38287503195 6.41135547639 -4.52065832738 -0.12117156016
16.813450760608486 -1.13285847429 6.06921838468 -4.51815580032 0.254463097774
16.853482786228984 -0.897735393902 5.66817961486 -4.49963426786 0.678787148085
16.893514811849478 -0.679745418468 5.21441138422 -4.46320285802 1.14847856715
16.933546837469976 -0.480848259425 4.71575695766 -4.40715343124 1.6577293788
16.973578863090474 -0.302654410912 4.18181581004 -4.33005902451 2.19833140143
17.013610888710968 -0.146357391823 3.62377084395 -4.230863921 2.76002418045
17.053642914331466 -0.0126780340621 3.05395459323 -4.10895486657 3.33108869881
17.09367493995196 0.0981687622858 2.48519589344 -3.96420385483 3.899131028
17.133706965572458 0.186478920194 1.93005009921 -3.79697828725 4.45194630137
17.173738991192955 0.253032237907 1.40001195747 -3.60811608057 4.97836309074
17.21377101681345 0.299035736486 0.904831330256 -3.39886949663 5.46895336141
17.253803042433947 0.326043302456 0.45202673906 -3.17082473371 5.91652208207
17.293835068054445 0.335860751837 0.0466450388235 -2.92580708901 6.316337771
17.33386709367494 0.330446256743 -0.308724334692 -2.66578198599 6.66610406401
17.373899119295437 0.311816189404 -0.613708044206 -2.3927619777 6.96570601987
17.41393114491593 0.28196408374 -0.869744563195 -2.10872726373 7.21679827415
17.45396317053643 0.242797870515 -1.07958240959 -1.81556467331 7.42230131482
17.493995196156927 0.196098043711 -1.24674748406 -1.51502755944 7.58587164155
17.53402722177742 0.143497072035 -1.37503379343 -1.20871675274 7.71139847077
17.57405924739792 0.0864777318474 -1.46805430085 -0.898080168062 7.8025618836
17.614091273018413 0.0263879908903 -1.52887312463 -0.584428666713 7.86247225113
17.65412329863891 -0.0355307790506 -1.55973080364 -0.268964970861 7.89340151306
17.69415532425941 -0.0981074611036 -1.56185649582 0.0471794787244 7.89659947893
17.734187349879903 -0.160198085832 -1.53537391883 0.362901037249 7.87220164768
17.7742193755004 -0.22064121369 -1.47929284913 0.677078877697 7.81922008972
17.814251401120895 -0.278214620082 -1.39158829839 0.988531241389 7.73561953404
17.854283426741393 -0.331597114819 -1.26936641124 1.29597665835 7.61847791401
17.89431545236189 -0.379338168789 -1.10912553084 1.59800270528 7.46424001194
17.934347477982385 -0.419840697569 -0.907102822822 1.89304761555 7.26905559225
17.974379503602883 -0.451358880863 -0.659708127791 2.17939656336 7.02920462855
18.014411529223377 -0.472014739411 -0.36402066489 2.45519639572 6.74158702257
18.054443554843875 -0.479835704783 -0.0183186610749 2.71849113424 6.40424891785
18.094475580464373 -0.472812835737 0.377413683371 2.96727811331 6.01689210812
18.134507606084867 -0.448977995535 0.821059586768 3.19958330444 5.58131011938
18.174539631705365 -0.406495350422 1.30809640964 3.41355148951 5.10167798794
18.21457165732586 -0.343759696175 1.83153536089 3.60754402197 4.58463345705
18.254603682946357 -0.259492194636 2.38211396105 3.7802348397 4.03910418241
18.294635708566855 -0.152823314245 2.94873882244 3.93069429797 3.47587476462
18.33466773418735 -0.0233536539083 3.51913776705 4.05845091421 2.90692419108
18.374699759807847 0.128814150914 4.08063453822 4.16352319338 2.34461018617
18.414731785428344 0.303075151075 4.62093560411 4.2464174529 1.80080370859
18.45476381104884 0.49835159625 5.12881217444 4.30809189638 1.28608842059
18.494795836669336 0.713145973462 5.5945823314 4.34989168408 0.809125238526
18.53482786228983 0.945608366768 6.01033904986 4.37346309572 0.376248061576
18.57485988791033 1.19360763054 6.36990876543 4.38065656402 -0.00867660529821
18.614891913530826 1.45479596767 6.66858017685 4.3734292925 -0.344144370842
18.65492393915132 1.72665919024 6.90267242828 4.35375626119 -0.630708825325
18.694955964771818 2.00654796876 7.069027715 4.32355629116 -0.870542230535
18.734987990392312 2.29168868435 7.164516754 4.28463719305 -1.06692888863
18.77502001601281 2.5791761353 7.18564346884 4.23866165677 -1.22375891622
18.815052041633308 2.86595366286 7.1283094995 4.18713217167 -1.34507006542
18.855084067253802 3.14878771399 6.98779314431 4.13139292911 -1.43467815256
18.8951160928743 3.4242465253 6.75897201442 4.07264437425 -1.49592077455
18.935148118494794 3.68869262401 6.43678967946 4.01196534162 -1.53152409003
18.975180144115292 3.93829869426 6.0169493638 3.95033807704 -1.54359585162
19.01521216973579 4.16909454821 5.49677881129 3.8886712093 -1.53373352153
19.055244195356284 4.37705147517 4.87618363732 3.82781645121 -1.50323032388
19.095276220976782 4.55820466758 4.15855255511 3.76857527833 -1.45333898854
19.135308246597276 4.70880620524 3.35146666592 3.71169534503 -1.38554625481
19.175340272217774 4.82550294264 2.46707721996 3.65785579164 -1.30181836387
19.21537229783827 4.90551881265 1.52201172313 3.60764474818 -1.2047575473
19.255404323458766 4.94682346677 0.536745272802 3.56153257615 -1.09763711925
19.295436349079264 4.94826515729 -0.465531578425 3.51984657064 -0.984304133706
19.33546837469976 4.90964976693 -1.4604315552 3.48275200575 -0.868965333001
19.375500400320256 4.83175509485 -2.42407871258 3.45024325421 -0.755899569654
19.415532425940754 4.71627656938 -3.33476145629 3.4221470314 -0.649156536825
19.455564451561248 4.56571193878 -4.17430427281 3.39813689277 -0.552302191402
19.495596477181746 4.38319945295 -4.92898843064 3.37775622586 -0.468257209507
19.535628502802243 4.17233004997 -5.58993871813 3.36044535507 -0.39925178457
19.575660528422738 3.93695439983 -6.15299736838 3.34556820179 -0.346891048085
19.615692554043235 3.68100373719 -6.61817417716 3.33243453475 -0.312306549451
19.65572457966373 3.40833910716 -6.98881127299 3.32031500569 -0.296356103088
19.695756605284227 3.12263717948 -7.27061317551 3.30844790773 -0.29983182486
19.735788630904725 2.8273152849 -7.47067638372 3.29603803185 -0.323641937439
19.77582065652522 2.52549353629 -7.59661901407 3.2822492056 -0.368941887792
19.815852682145717 2.21998872562 -7.6558768479 3.2661928393 -0.437199922356
19.85588470776621 1.91333243221 -7.65519462546 3.24691526719 -0.530192387079
19.89591673338671 1.60780550971 -7.60031844506 3.22338666434 -0.649929819872
19.935948759007207 1.3054810571 -7.49587662771 3.19449424313 -0.798519962053
19.9759807846277 1.00826879289 -7.34542164165 3.15904190239 -0.977978798231
20.0160128102482 0.717955007521 -7.15161211427 3.11575852496 -1.19000011148
20.056044835868693 0.436232866065 -6.91648944497 3.06331582887 -1.43570445641
20.09607686148919 0.164720558016 -6.64182091974 3.00035634282 -1.71538594352
20.13610888710969 -0.0950351874327 -6.32946995186 2.92553129053 -2.02828217414
20.176140912730183 -0.34157013145 -5.98174988052 2.83754667002 -2.37239523384
20.21617293835068 -0.573526753336 -5.60172107652 2.73521502761 -2.74439152456
20.256204963971175 -0.789688546938 -5.19339423412 2.61750921438 -3.13960335344
20.296236989591673 -0.989020182243 -4.76181267822 2.48361393093 -3.55214555068
20.33626901521217 -1.17070817497 -4.31299488007 2.33297007394 -3.97515144471
20.376301040832665 -1.33419640622 -3.85374301963 2.16530744683 -4.40111078595
20.416333066453163 -1.47921205346 -3.39134216418 1.98066293054 -4.82227827832
20.45636509207366 -1.60577725426 -2.93317802163 1.77938065612 -5.23111706909
20.496397117694155 -1.71420510843 -2.48633490696 1.56209519277 -5.62072061108
20.536429143314653 -1.80507988973 -2.05721845065 1.32969882658 -5.98517181295
20.576461168935147 -1.87922347474 -1.65125111603 1.08329640741 -6.31980101518
20.616493194555645 -1.9376515882 -1.27267196077 0.824152263613 -6.62132177458
20.656525220176142 -1.98152440293 -0.924455482642 0.553634216658 -6.88784012705
20.696557245796637 -2.01209625338 -0.60835070407 0.273159648712 -7.11874513339
20.736589271417134 -2.03066919025 -0.325018434656 -0.0158519987843 -7.31450941171
20.77662129703763 -2.03855338368 -0.0742453546708 -0.312017582597 -7.47642437496
20.816653322658127 -2.03703723373 0.14479474714 -0.614017142098 -7.60630157017
20.856685348278624 -2.02736856816 0.333260904704 -0.920608436085 -7.70616802936
20.89671737389912 -2.01074668666 0.492371465539 -1.23062990675 -7.77797861126
20.936749399519616 -1.98832516056 0.623154779614 -1.54299247321 -7.82336126828
20.97678142514011 -1.96122378124 0.726238511239 -1.8566620982 -7.84340679
21.01681345076061 -1.93054800731 0.801686552774 -2.17063494911 -7.83850992641
21.056845476381106 -1.89741399829 0.848892234807 -2.48390719384 -7.80826883669
21.0968775020016 -1.86297645682 0.866530809496 -2.79544224731 -7.75144426597
21.136909527622098 -1.82845725872 0.852580402035 -3.10413749399 -7.66598708369
21.176941553242592 -1.79517173231 0.80441596147 -3.40879361394 -7.54913779794
21.21697357886309 -1.76454960216 0.718982243139 -3.70808943471 -7.39760371387
21.257005604483588 -1.73814745801 0.593049099008 -4.00056539414 -7.20781650423
21.297037630104082 -1.71764918148 0.423547496034 -4.28461908541 -6.97626798604
21.33706965572458 -1.70485164035 0.207974976583 -4.55851546219 -6.69991202786
21.377101681345078 -1.70163301686 -0.0551510326617 -4.82041418486 -6.37660981088
21.417133706965572 -1.70990265179 -0.365830850541 -5.0684150026 -6.00557824416
21.45716573258607 -1.73153299414 -0.722155207189 -5.30062034669 -5.58779578711
21.497197758206564 -1.7682761046 -1.1199739375 -5.5152123136 -5.12630285234
21.537229783827062 -1.82166975024 -1.55271610125 -5.71053860161 -4.62633971463
21.57726180944756 -1.89294006999 -2.01140393077 -5.88519997612 -4.09527855036
21.617293835068054 -1.98290917622 -2.48488646222 -6.03813035503 -3.54232352373
21.65732586068855 -2.0919162041 -2.96027503016 -6.16866062024 -2.97799918203
21.697357886309046 -2.21975934707 -3.42354012926 -6.27655824455 -2.4134723544
21.737389911929544 -2.36566349297 -3.86019434347 -6.36203813133 -1.85979167735
21.77742193755004 -2.52827630025 -4.25597980402 -6.42574211388 -1.32713915101
21.817453963170536 -2.70568935954 -4.59747456776 -6.46869168124 -0.824196129444
21.857485988791034 -2.89548192642 -4.87257151204 -6.49221786215 -0.357688748322
21.897518014411528 -3.09478060721 -5.07080381062 -6.49787757059 0.0678415330754
21.937550040032026 -3.30032912058 -5.18353038576 -6.48736540817 0.450039763421
21.977582065652523 -3.50856338233 -5.20402398246 -6.46242943845 0.788544086889
22.017614091273018 -3.71568907268 -5.12751643368 -6.42479772689 1.084651553
22.057646116893515 -3.9177610618 -4.95125404723 -6.37611999339 1.34090843869
22.09767814251401 -4.11076590318 -4.67459913007 -6.31792610303 1.56068814849
22.137710168134507 -4.29070951478 -4.2991873449 -6.25160081796 1.74780798186
22.177742193755005 -4.45371199142 -3.82912139157 -6.17837252743 1.90622005864
22.2177742193755 -4.59611022513 -3.27115323882 -6.09931245407 2.03979426682
22.257806244995997 -4.71456638777 -2.63479044555 -6.01534084909 2.15218841356
22.29783827061649 -4.80617808019 -1.93225793196 -5.92723676204 2.24679660228
22.33787029623699 -4.86858306975 -1.17825907172 -5.83564865266 2.32675220208
22.377902321857487 -4.90004991355 -0.389507109268 -5.74110424085 2.39496096971
22.41793434747798 -4.89954528593 0.415963660473 -5.64401878094 2.45414250214
22.45796637309848 -4.86677013396 1.21965569494 -5.54470179191 2.50686451282
22.497998398718977 -4.80215948107 2.00355061562 -5.44336270125 2.55556178751
22.53803042433947 -4.70684446607 2.75103316655 -5.34011605519 2.60253903345
22.57806244995997 -4.58257980878 3.44769302269 -5.23498686625 2.64996255719
22.618094475580463 -4.43164254664 4.08191806758 -5.12791641319 2.69984706258
22.65812650120096 -4.25671246337 4.64523405988 -5.01876855948 2.75404390315
22.69815852682146 -4.06074425409 5.13237388139 -4.90733645524 2.8142339729
22.738190552441953 -3.84684144588 5.54112853291 -4.79334941272 2.8819249095
22.77822257806245 -3.61814026569 5.87196102835 -4.67647987662 2.95845152541
22.818254603682945 -3.37771318415 6.12756547789 -4.55635032772 3.04497366115
22.858286629303443 -3.12848838615 6.31233180418 -4.43254042378 3.14247018121
22.89831865492394 -2.87319354879 6.43182977899 -4.30459444265 3.25172478595
22.938350680544435 -2.61431730604 6.49233798636 -4.17202957247 3.37330608586
22.978382706164933 -2.35408972221 6.50045351423 -4.0343449336 3.50754054727
23.018414731785427 -2.0944754607 6.4627843096 -3.89103194012 3.65448435217
23.058446757405925 -1.83717786171 6.3857291622 -3.74158558896 3.81389679119
23.098478783026422 -1.58365185133 6.27533759797 -3.5855168496 3.98521766799
23.138510808646917 -1.33511769092 6.13722383119 -3.42236564703 4.16755943734
23.178542834267414 -1.09258087726 5.97653804666 -3.25171407225 4.35970768314
23.21857485988791 -0.856849798733 5.79795874341 -3.07319902379 4.56014124848
23.258606885508406 -0.628554681015 5.60570511088 -2.88652382765 4.76706559379
23.298638911128904 -0.408165811127 5.40356478059 -2.69146851143 4.97846136284
23.3386709367494 -0.196010057661 5.19490992867 -2.48789731219 5.19214643504
23.378702962369896 0.00771269573882 4.98271862927 -2.27576391487 5.40584435873
23.41873498799039 0.202914216585 4.76958976393 -2.05511389399 5.61726081008
23.45876701361089 0.389602728036 4.55774977412 -1.82608367262 5.82415360246
23.498799039231386 0.567868182406 4.34906254918 -1.58889717098 6.02440376604
23.53883106485188 0.737868586663 4.14503575372 -1.34385997599 6.21607048393
23.578863090472378 0.899814563686 3.94683172994 -1.09135073605 6.39744342386
23.618895116092876 1.05395699282 3.75528324113 -0.831811546086 6.56706753085
23.65892714171337 1.20057382869 3.57091623056 -0.565737325595 6.72376013564
23.698959167333868 1.33995843512 3.39398026444 -0.293664899535 6.86660999305
23.738991192954362 1.47240922467 3.22448671799 -0.0161623424375 6.99496203317
23.77902321857486 1.59822096896 3.06225386968 0.266180795544 7.10838918217
23.819055244195358 1.71767829594 2.90695802577 0.55276169428 7.20665354965
23.859087269815852 1.83105086733 2.75818702543 0.842971082408 7.28966258399
23.89911929543635 1.93859067713 2.61549780437 1.13619812919 7.35741899195
23.939151321056844 2.04053289016 2.47847125945 1.43183302846 7.40996656995
23.979183346677342 2.13709730925 2.34676564615 1.72926770313 7.44734091832
24.01921537229784 2.22849219549 2.22016734702 2.02789457259 7.46952018251
24.059247397918334 2.31492051561 2.09864099687 2.32710315473 7.47637524841
24.09927942353883 2.39658794059 1.98235705403 2.62627522554 7.46763523373
24.139311449159326 2.47371170527 1.87173204624 2.92477806355 7.44284645691
24.179343474779824 2.54653101836 1.76743913177 3.22195667077 7.40135205737
24.21937550040032 2.61531713436 1.67040958857 3.51712559984 7.34227992497
24.259407526020816 2.68038370252 1.5818235744 3.80956001648 7.26453951995
24.299439551641314 2.74209603827 1.50307966522 4.09848734496 7.16683620937
24.339471577261808 2.80087884342 1.43574474747 4.38307975428 7.04770248207
24.379503602882306 2.85722204078 1.38147855392 4.66244771321 6.90555027633
24.419535628502803 2.91168217228 1.34194051412 4.93563700809 6.7387411109
24.459567654123298 2.96488035185 1.31867143744 5.20162826678 6.54567835955
24.499599679743795 3.01749454596 1.31295168957 5.45934097407 6.3249218138
24.539631705364293 3.07024642661 1.3256532779 5.70764206207 6.07531031938
24.579663730984787 3.12388154569 1.35707689185 5.94535995127 5.79609936614
24.619695756605285 3.17914386564 1.40679974656 6.17130351696 5.48709175348
24.65972778222578 3.23674305016 1.47353207548 6.38428714898 5.14876270829
24.699759807846277 3.29731813498 1.55501774148 6.58315920291 4.78234846779
24.739791833466775 3.36139759587 1.64797720891 6.76683360691 4.38989962055
24.77982385908727 3.42935806772 1.74811296321 6.93432284094 3.97428246069
24.819855884707767 3.5013849229 1.85018644023 7.08476959191 3.53912113092
24.85988791032826 3.57743729718 1.94816907581 7.21747501327 3.08868081888
24.89991993594876 3.65722095805 2.03547065908 7.33192092646 2.62769219895
24.939951961569257 3.74017115477 2.10521658554 7.42778444025 2.16114489339
24.97998398718975 3.82544762381 2.15057581458 7.50494371374 1.69405213513
25.02001601281025 3.91194329396 2.16510563643 7.56347413351 1.23121815746
25.060048038430743 3.99830666744 2.14309354142 7.60363565309 0.777026705878
25.10008006405124 4.082977488 2.07987027293 7.62585235787 0.335270274662
25.14011208967174 4.16423397429 1.97207487997 7.63068625273 -0.0909683160707
25.180144115292233 4.24024945043 1.81785483104 7.618807443 -0.499376290604
25.22017614091273 4.30915547683 1.61699006626 7.59096304947 -0.888415104234
25.260208166533225 4.36910831395 1.37093461789 7.547946959 -1.25727609597
25.300240192153723 4.41835537061 1.08277416825 7.49057213071 -1.60579919216
25.34027221777422 4.45529830466 0.757102309118 7.41964667788 -1.93436792252
25.380304243394715 4.47854965574 0.399822302609 7.33595440742 -2.24379353679
25.420336269015213 4.48698022487 0.017885223924 7.24024003399 -2.53519907606
25.460368294635707 4.47975495776 -0.381021007178 7.13319890263 -2.80991137634
25.500400320256205 4.45635557146 -0.788811685 7.01547074472 -3.06936671373
25.540432345876702 4.41658954968 -1.19735778886 6.88763698039 -3.31503076023
25.580464371497197 4.36058499365 -1.59882483867 6.75022083784 -3.54833526129
25.620496397117694 4.28877253006 -1.98598006573 6.60368975441 -3.7706290311
25.660528422738192 4.20185595728 -2.35244910268 6.44845944165 -3.98314183891
25.700560448358686 4.10077362512 -2.69291054555 6.28489921749 -4.18695943853
25.740592473979184 3.9866536987 -3.00321848586 6.11333808677 -4.38300747878
25.78062449959968 3.8607657895 -3.28045506711 5.93407135762 -4.57204316663
25.820656525220176 3.7244718796 -3.52291600172 5.74736743663 -4.7546533646
25.860688550840674 3.57917899764 -3.73003907756 5.55347459514 -4.93125816302
25.90072057646117 3.42629569756 -3.90228784002 5.3526274938 -5.10211926833
25.940752602081666 3.26719387142 -4.04100413506 5.14505328321 -5.26735258019
25.98078462770216 3.10317684428 -4.1482433277 4.93097713242 -5.42694429232
26.020816653322658 2.9354542272 -4.22660535617 4.71062704018 -5.58076972526
26.060848678943156 2.76512340398 -4.27906915603 4.48423787422 -5.72861430918
26.10088070456365 2.59315753262 -4.30884154133 4.25205451465 -5.87019553188
26.140912730184148 2.42039914266 -4.31922366741 4.01433413131 -6.00518499645
26.180944755804642 2.247558456 -4.31349760636 3.7713476307 -6.13322961946
26.22097678142514 2.07521614032 -4.29483543883 3.52338024822 -6.25397120176
26.261008807045638 1.90382945164 -4.26623228052 3.27073134437 -6.36706310796
26.301040832666132 1.73374015933 -4.23045643049 3.01371368221 -6.47218379168
26.34107285828663 1.56518427364 -4.1900175515 2.75265222607 -6.56904693787
26.381104883907124 1.39830278717 -4.14715008069 2.48788259264 -6.65740795557
26.421136909527622 1.23315285319 -4.10380923065 2.21974929924 -6.73706679339
26.46116893514812 1.06971889135 -4.06167701782 1.94860397097 -6.8078671975
26.501200960768614 0.90792323444 -4.02217203172 1.67480367573 -6.86969418847
26.54123298638911 0.747636526387 -3.98646933107 1.39870929996 -6.92246790118
26.58126501200961 0.588686857543 -3.95551377533 1.12068436732 -6.96613819296
26.621297037630104 0.430868788177 -3.93004110604 0.841093932213 -7.00067696463
26.6613290632506 0.273951339877 -3.91059532956 0.560303846052 -7.02607100509
26.701361088871096 0.117685303764 -3.89754368166 0.278680312735 -7.0423155542
26.741393114491594 -0.0381898652049 -3.89108827788 -0.00341036290873 -7.04940907961
26.78142514011209 -0.193939641511 -3.89127416768 -0.285601813659 -7.0473495198
26.821457165732586 -0.349828263725 -3.89799291735 -0.567527527031 -7.03613242582
26.861489191353083 -0.506112484056 -3.9109815098 -0.848820794418 -7.01575124717
26.901521216973578 -0.663035389611 -3.92981751205 -1.12911461667 -6.98619916991
26.941553242594075 -0.820819810901 -3.95390989836 -1.40804178134 -6.94747295052
26.981585268214573 -0.979661345807 -3.98248680974 -1.68523510032 -6.89957802949
27.021617293835067 -1.13972083912 -4.01458090984 -1.96032787448 -6.84253460422
27.061649319455565 -1.30111623271 -4.04901350748 -2.23295461718 -6.77638410371
27.10168134507606 -1.46391379063 -4.08437905865 -2.50275203003 -6.70119537208
27.141713370696557 -1.62811874029 -4.11903174254 -2.76936020916 -6.61706991211
27.181745396317055 -1.79366544925 -4.15107624592 -3.03242403207 -6.52414548056
27.22177742193755 -1.96040735838 -4.17836630066 -3.29159464712 -6.42259699938
27.261809447558047 -2.12810706997 -4.19850552062 -3.54653091628 -6.31263689908
27.30184147317854 -2.29642660538 -4.20887291342 -3.79690086747 -6.19450792664
27.34187349879904 -2.46491895281 -4.20664772844 -4.04238276676 -6.06847750079
27.381905524419537 -2.63302073934 -4.18885963148 -4.28266593158 -5.93482535508
27.42193755004003 -2.80004803427 -4.15245847243 -4.51745084281 -5.79382897545
27.46196957566053 -2.9651948711 -4.09440228082 -4.74644869955 -5.64574605784
27.502001601281023 -3.12753486464 -4.01175562809 -4.96938042561 -5.49079717357
27.54203362690152 -3.28602865765 -3.90182314677 -5.18597462149 -5.32914409868
27.58206565252202 -3.43953610265 -3.76228650413 -5.39596486065 -5.16087027351
27.622097678142513 -3.58683426913 -3.59135589945 -5.59908616404 -4.98596095073
27.66212970376301 -3.72664158053 -3.38792461175 -5.79507071014 -4.80428511178
27.70216172938351 -3.85764796686 -3.1517181285 -5.98364287646 -4.61558000162
27.742193755004003 -3.97855226904 -2.8834205253 -6.16451358278 -4.41943987102
27.7822257806245 -4.08810092467 -2.58477583454 -6.3373745517 -4.2153076159
27.822257806244995 -4.18513262319 -2.25864456481 -6.50189212242 -4.00247242075
27.862289831865493 -4.26862301562 -1.90900786 -6.65770114822 -3.78007293505
27.90232185748599 -4.33772868405 -1.54090978783 -6.80439915111 -3.5471076118
27.942353883106485 -4.39182754951 -1.16033715214 -6.94154103664 -3.30245296144
27.982385908726982 -4.43055304467 -0.774032784669 -7.06863475068 -3.04489182628
28.022417934347477 -4.45381973549 -0.389254911714 -7.18513827189 -2.77315259107
28.062449959967974 -4.46183839264 -0.0134911280207 -7.29045842121 -2.48596117771
28.102481985588472 -4.45511896334 0.345855613894 -7.38395202156 -2.1821067866
28.142514011208966 -4.43446038592 0.681790229309 -7.46493007131 -1.86052183326
28.182546036829464 -4.40092824 0.988037158417 -7.53266522459 -1.52037386492
28.22257806244996 -4.35582068935 1.25932495172 -7.58640301793 -1.16116665139
28.262610088070456 -4.30062231011 1.49162006327 -7.625377776 -0.782846228392
28.302642113690954 -4.23695136323 1.68230266486 -7.6488321686 -0.385900626765
28.34267413931145 -4.16650095813 1.83027056328 -7.65604066807 0.0285547499233
28.382706164931946 -4.09097726637 1.93596375493 -7.6463360526 0.458718492663
28.42273819055244 -4.01203867818 2.00130962015 -7.61913744536 0.902082786455
28.462770216172938 -3.93123890885 2.02959556996 -7.57397803164 1.35545739245
28.502802241793436 -3.84997628553 2.02526875112 -7.51053108323 1.81504561505
28.54283426741393 -3.76945196669 1.99367891449 -7.42863203996 2.2765702054
28.582866293034428 -3.69063914319 1.94077642036 -7.3282947741 2.73544493189
28.622898318654922 -3.61426682003 1.87280384143 -7.20971922605 3.18696990075
28.66293034427542 -3.54081330102 1.79597722291 -7.07329237153 3.62654480097
28.702962369895918 -3.47051324946 1.71619590485 -6.91958003136 4.04987414374
28.742994395516412 -3.40337590055 1.63879683891 -6.7493107098 4.45314732467
28.78302642113691 -3.33921140792 1.56836626044 -6.56335329442 4.83317817443
28.823058446757408 -3.27766340431 1.50861528703 -6.36269019698 5.18749645194
28.863090472377902 -3.21824557346 1.46232594478 -6.14838763755 5.51438412707
28.9031224979984 -3.16037881855 1.4313573027 -5.92156568625 5.81286281912
28.943154523618894 -3.10342712089 1.41670716683 -5.68336969152 6.08263592014
28.98318654923939 -3.04673014546 1.41861294671 -5.43494466559 6.32399905162
29.02321857485989 -2.98963114981 1.4366808006 -5.17741377527 6.53772830254
29.063250600480384 -2.93149933949 1.47002780211 -4.91186158753 6.72495945067
29.10328262610088 -2.87174650144 1.5174262164 -4.63932213457 6.88706761846
29.143314651721376 -2.80983848566 1.57744060493 -4.36077123186 7.02555504586
29.183346677341873 -2.74530101846 1.64855202768 -4.07712340184 7.14195208652
29.22337870296237 -2.67772023743 1.72926182239 -3.78923295817 7.23773745124
29.263410728582866 -2.60673985632 1.81817447688 -3.49789759205 7.31427713583
29.303442754203363 -2.53205666615 1.9140628342 -3.20386303226 7.37277826766
29.343474779823858 -2.45341264654 2.01591195486 -2.90783018246 7.4142619016
29.383506805444355 -2.37058553328 2.12294397869 -2.61046316263 7.43955161429
29.423538831064853 -2.28337923688 2.23462768716 -2.31239711668 7.44927413551
29.463570856685347 -2.19161413149 2.35067341691 -2.0142457857 7.44387170187
29.503602882305845 -2.09511763388 2.47101612332 -1.71660853613 7.42362381103
29.54363490792634 -1.99371568624 2.59578826224 -1.42007633921 7.38867676975
29.583666933546837 -1.88722556076 2.7252840621 -1.12523637751 7.3390797665
29.623698959167335 -1.77545018233 2.8599175575 -0.832675163767 7.27482560796
29.66373098478783 -1.6581742896 3.00017464913 -0.542979887273 7.19589569676
29.703763010408327 -1.53516259051 3.14656172798 -0.2567379178 7.10230698513
29.743795036028825 -1.40616000844 3.29955242838 0.0254655643784 6.99415911959
29.78382706164932 -1.2708938777 3.45953402639 0.30305165677 6.87168031896
29.823859087269817 -1.12907901966 3.62675499227 0.575454183309 6.73526861477
29.86389111289031 -0.980423708314 3.80127608206 0.842126636756 6.58552716398
29.90392313851081 -0.824638325817 3.98292321191 1.10255141183 6.42329316883
29.943955164131307 -0.661445547715 4.17124971712 1.35624924592 6.24965194539
29.9839871897518 -0.490592072728 4.36550188313 1.60278951108 6.06594110807
30.0240192153723 -0.311861192144 4.56459449501 1.84179973809 5.87373808874
30.064051240992793 -0.125086838408 4.76708662394 2.07297539702 5.67483756713
30.10408326661329 0.0698322374751 4.97117015849 2.29608718306 5.47120882535
30.14411529223379 0.272917269749 5.17465533213 2.51098739634 5.26494538358
30.184147317854283 0.484093678329 5.37495980491 2.7176136119 5.05820180585
30.22417934347478 0.70317607098 5.56909724474 2.91598975663 4.85313037657
30.264211369095275 0.929850684196 5.75366202485 3.10622474412 4.6518074367
30.304243394715773 1.16365881172 5.9248127868 3.28850797432 4.45616953422
30.34427542033627 1.40397906734 6.07825495305 3.46310257305 4.26795427678
30.384307445956765 1.65000882964 6.20922595273 3.63033646435 4.08865070815
30.424339471577262 1.90074533596 6.31249076007 3.79059148809 3.91946387534
30.464371497197757 2.15496701926 6.38235851872 3.94429166999 3.7612934992
30.504403522818254 2.41121615301 6.41273139555 4.0918908104 3.61472631675
30.544435548438752 2.66778429124 6.39720022357 4.2338600047 3.48004139788
30.584467574059246 2.92270255109 6.32920049287 4.37067558593 3.35722557421
30.624499599679744 3.17373991133 6.20224667718 4.50280787576 3.24599590078
30.66453162530024 3.4184125712 6.01024753238 4.63071089067 3.14582376305
30.704563650920736 3.65400722903 5.74789960805 4.75481295656 3.0559580476
30.744595676541234 3.87762159488 5.41114968934 4.87550820308 2.97544451221
30.78462770216173 4.08622406204 4.99769842046 4.99314872573 2.90313941168
30.824659727782226 4.27673479066 4.50750350267 5.1080371955 2.83771691739
30.864691753402724 4.44612476127 3.94321710202 5.22041963126 2.77767295957
30.904723779023218 4.59153075386 3.31049482555 5.33047834379 2.72132783718
30.944755804643716 4.71037901547 2.61811935267 5.43832489646 2.66683076502
30.98478783026421 4.80050820285 1.87789704444 5.54399347198 2.61216733107
31.024819855884708 4.86028452823 1.10429279786 5.64743450873 2.55516920272
31.064851881505206 4.88869648354 0.313820519139 5.74850871631 2.4935233233
31.1048839071257 4.88542208246 -0.475741293367 5.84698137853 2.42477485616
31.144915932746198 4.850861073 -1.24625251607 5.94251655123 2.3463187878
31.184947958366692 4.78613161788 -1.98011422493 6.0346706598 2.25537812723
31.22497998398719 4.6930317146 -2.66108491991 6.12288498207 2.14897111102
31.265012009607688 4.57397116368 -3.27492904361 6.20647675239 2.02387761024
31.305044035228182 4.43188126064 -3.80985645159 6.28462914203 1.87662181772
31.34507606084868 4.27011313636 -4.25674611333 6.35638140937 1.70349188555
31.385108086469174 4.0923284233 -4.6091904374 6.42062070214 1.500620599
31.42514011208967 3.902392954 -4.86340823187 6.47607866989 1.26414221186
31.46517213771017 3.70427264369 -5.01808720622 6.52133629225 0.990444132642
31.505204163330664 3.50193981371 -5.07422329255 6.55484028334 0.676492576895
31.54523618895116 3.2992829529 -5.03498741963 6.57493395301 0.320225443336
31.585268214571656 3.1000215525 -4.90563461629 6.5799044706 -0.0790360152999
31.625300240192153 2.90762416929 -4.6934394004 6.56804591931 -0.520210649584
31.66533226581265 2.72522887211 -4.40761775658 6.53773590721 -1.00017717445
31.705364291433145 2.55556830696 -4.05918688961 6.48751996076 -1.51365269815
31.745396317053643 2.40090196003 -3.66071337149 6.41619740195 -2.05327470913
31.78542834267414 2.26296154472 -3.22592153681 6.32289912977 -2.60990677772
31.825460368294635 2.14291479879 -2.7691569938 6.20714918833 -3.17315568545
31.865492393915133 2.04135348103 -2.30474632755 6.06890167358 -3.73204072551
31.905524419535627 1.95830723603 -1.84631962926 5.90854983069 -4.27572875907
31.945556445156125 1.89328552322 -1.40613894294 5.72690531183 -4.79428066003
31.985588470776623 1.84534313181 -0.994584858024 5.52514936088 -5.27923850808
32.02562049639712 1.81316353728 -0.619784964656 5.30476447149 -5.72406855719
32.065652522017615 1.79515275308 -0.287463802726 5.06745234977 -6.12437178857
32.10568454763811 1.78953513447 -0.000998518348396 4.81504782401 -6.47787765658
32.1457165732586 1.79444321802 0.238346736097 4.54943695971 -6.78424761703
32.1857485988791 1.80799530435 0.431060949335 4.27248615565 -7.04474320275
32.2257806244996 1.8283571895 0.578951053765 3.98598612087 -7.26180999363
32.2658126501201 1.85378579163 0.684687550844 3.69161334294 -7.43863558308
32.305844675740595 1.88265494087 0.751377081262 3.39090898713 -7.57872921777
32.34587670136109 1.91346527885 0.782183225063 3.08527354985 -7.68554584297
32.38590872698158 1.94484003259 0.780028841705 2.77597547937 -7.76218871459
32.42594075260208 1.97551069736 0.747372302128 2.46416998569 -7.81118386532
32.46597277822258 2.00429560349 0.686060557714 2.15092503763 -7.83433001003
32.506004803843076 2.03007314164 0.597269030921 1.83725287459 -7.83263412566
32.546036829463574 2.05175558871 0.48149431635 1.52414106951 -7.80629946014
32.586068855084065 2.06826221665 0.338622938451 1.21258452269 -7.7547898708
32.62610088070456 2.0784975718 0.168047185687 0.9036124211 -7.67694252755
32.66613290632506 2.08133469906 -0.0311643519152 0.598310344493 -7.57113804756
32.70616493194556 2.07560632226 -0.260056435112 0.297834330717 -7.43551494249
32.746196957566056 2.06010507985 -0.519544969431 0.00341561127202 -7.2682226518
32.78622898318655 2.03359383593 -0.810157873802 -0.283645344025 -7.06770037389
32.826261008807045 1.99482639926 -1.1317781484 -0.561996185317 -6.83296453697
32.86629303442754 1.94257809872 -1.48341273463 -0.830261357904 -6.56388244539
32.90632506004804 1.87568458239 -1.8630141308 -1.08708095122 -6.26140480826
32.94635708566854 1.79308660968 -2.26737665977 -1.3311578563 -5.92773328814
32.98638911128903 1.69387650523 -2.69213805213 -1.56130937107 -5.56638721137
33.026421136909526 1.57734280458 -3.13188367935 -1.77651958953 -5.1821655516
33.066453162530024 1.44300847235 -3.5803608685 -1.975987885 -4.78098769877
33.10648518815052 1.29065865476 -4.0307803492 -2.15916873115 -4.36962575171
33.14651721377102 1.12035512406 -4.47617246984 -2.32579897877 -3.95535136849
33.18654923939151 0.932436107127 -4.90975495451 -2.47590989874 -3.54553313059
33.22658126501201 0.727501923462 -5.32526361849 -2.60982280767 -3.1472288473
33.266613290632506 0.506389021784 -5.71720495931 -2.7281291588 -2.76681491934
33.306645316253004 0.270135631605 -6.08099722314 -2.83165679043 -2.40969002332
33.3466773418735 0.0199446891223 -6.41298687934 -2.92142663819 -2.08007696431
33.38670936749399 -0.242851490889 -6.710337919 -2.99860353069 -1.78093559235
33.42674139311449 -0.516820015015 -6.97081521865 -3.06444558085 -1.51397939222
33.46677341873499 -0.800445612838 -7.19249118557 -3.12025631646 -1.27978054474
33.506805444355486 -1.09213640457 -7.37340254534 -3.16734213008 -1.07794895455
33.54683746997598 -1.3902154857 -7.51120618662 -3.20697808041 -0.907350976932
33.586869495596474 -1.69289905143 -7.60287056753 -3.2403830952 -0.766343933242
33.62690152121697 -1.99826424558 -7.64443228092 -3.26870385625 -0.653011258018
33.66693354683747 -2.30420835393 -7.63086180338 -3.29300843491 -0.565370321279
33.70696557245797 -2.60840554134 -7.55606623901 -3.31428723814 -0.501541131046
33.746997598078465 -2.90826762304 -7.41305612214 -3.33345934448 -0.459865827087
33.787029623698956 -3.20091412974 -7.19430203351 -3.35138304316 -0.438964477452
33.827061649319454 -3.48316124583 -6.89228657001 -3.36886691717 -0.437726679108
33.86709367493995 -3.75153650308 -6.50024313134 -3.38667934783 -0.455236611433
33.90712570056045 -4.00232621094 -6.01304283533 -3.40555379065 -0.490638952671
33.94715772618095 -4.23165996859 -5.42815717088 -3.42618780975 -0.542961768697
33.98718975180144 -4.43563428959 -4.74658888054 -3.44923440201 -0.610921502086
34.027221777421936 -4.61046936353 -3.97362965648 -3.47528597206 -0.692746754072
34.06725380304243 -4.75269116869 -3.11930456594 -3.50485207175 -0.786055871298
34.10728582866293 -4.859322638 -2.19837296118 -3.53833395478 -0.887823318005
34.14731785428343 -4.92806471497 -1.22981242888 -3.5759998932 -0.99445377165
34.18734987990392 -4.95744596643 -0.23579246085 -3.6179656982 -1.10196134883
34.22738190552442 -4.94692283779 0.759757619771 -3.66418400986 -1.20622506689
34.267413931144915 -4.89691770869 1.73280279779 -3.71444447367 -1.30327168498
34.30744595676541 -4.80878931327 2.66085607478 -3.7683849976 -1.38952941386
34.34747798238591 -4.68474129867 3.52439318495 -3.82551155386 -1.4619967434
34.38751000800641 -4.52768211552 4.30785145151 -3.88522241552 -1.51829277872
34.4275420336269 -4.34105430288 5.00012181152 -3.94683193547 -1.55658154624
34.4675740592474 -4.12865747221 5.59453047938 -4.00958883552 -1.5753924294
34.507606084867895 -3.89447484248 6.08838404983 -4.0726862567 -1.57336627301
34.54763811048839 -3.64253083999 6.48222027369 -4.13526074937 -1.54899085001
34.58767013610889 -3.37677819245 6.77889415018 -4.19638111165 -1.50036104015
34.62770216172938 -3.10102437978 6.98267231 -4.25502922098 -1.4250168115
34.66773418734988 -2.81889156668 7.09842452983 -4.31007615825 -1.31988192833
34.70776621297038 -2.53380555099 7.13100394573 -4.36025825247 -1.18132508205
34.747798238590875 -2.24900481359 7.08486674616 -4.40415836496 -1.00534562205
34.78783026421137 -1.96756045848 6.96392863372 -4.44019670759 -0.787888993765
34.82786228983186 -1.69239623574 6.77166440397 -4.4666368426 -0.525256198061
34.86789431545236 -1.42630110364 6.5113983448 -4.48160947644 -0.214594607751
34.90792634107286 -1.17192694267 6.18673474316 -4.48315664661 0.145586206829
34.947958366693356 -0.931767469778 5.80205347364 -4.46929630388 0.554927251961
34.987990392313854 -0.708117551759 5.36298023097 -4.43810446898 1.01083326768
35.028022417934345 -0.503015690957 4.87674324561 -4.38780982589 1.50825329764
35.06805444355484 -0.318175872945 4.35233347309 -4.31689269357 2.03968915244
35.10808646917534 -0.154917999534 3.8004135411 -4.22417843349 2.59546403208
35.14811849479584 -0.0141070019807 3.23296440004 -4.10891531298 3.1642426093
35.188150520416336 0.103888445716 2.66268787166 -3.97082632712 3.73376806397
35.22818254603683 0.199210401703 2.10226553963 -3.81012966134 4.29170731654
35.268214571657325 0.272494864188 1.56356248681 -3.62752425867 4.82651327853
35.30824659727782 0.324824094774 1.05690110968 -3.42414261824 5.32818308363
35.34827862289832 0.357653062611 0.590505299027 -3.20147698551 5.78882041452
35.38831064851882 0.372718239709 0.170181069861 -2.96128797292 6.20294570562
35.42834267413931 0.371938643165 -0.200746507408 -2.70550594812 6.56754362053
35.468374699759806 0.357319282253 -0.52125875314 -2.4361354602 6.88187357327
35.508406725380304 0.330865609379 -0.792282466699 -2.15517118436 7.14709855776
35.5484387510008 0.294514873145 -1.01621264456 -1.86453105529 7.36580360112
35.5884707766213 0.250087754383 -1.19638408596 -1.56600974418 7.54146861658
35.62850280224179 0.19926144156 -1.33655096774 -1.26125343666 7.67795323261
35.66853482786229 0.14356238092 -1.44041709214 -0.951754028787 7.77903432557
35.708566853482786 0.0843763592715 -1.51124172447 -0.638860352313 7.84801959176
35.748598879103284 0.0229730880886 -1.55153641528 -0.323803595993 7.88745126716
35.78863090472378 -0.0394597542768 -1.56284998785 -0.00773195466187 7.89889629066
35.82866293034427 -0.101775019216 -1.54564610397 0.308247434678 7.88282692051
35.86869495596477 -0.162821661045 -1.4992681119 0.623023706041 7.83858620015
35.90872698158527 -0.221400628948 -1.42199053856 0.935437771236 7.76443759034
35.948759007205766 -0.27622458511 -1.31115865789 1.24424152962 7.65770029797
35.98879103282626 -0.325885022285 -1.16341852085 1.54806426442 7.51497297776
36.028823058446754 -0.368830582263 -0.97503814562 1.84538995235 7.33244713053
36.06885508406725 -0.40335884338 -0.742315882576 2.1345477321 7.1063068979
36.10888710968775 -0.427628634769 -0.462062673072 2.41372251974 6.83320411747
36.14891913530825 -0.439689718188 -0.132123163297 2.68098282363 6.51077471422
36.188951160928745 -0.437534979173 0.248102046997 2.93433092582 6.13816114234
36.228983186549236 -0.419172495259 0.677193595737 3.17177305681 5.71648158691
36.269015212169734 -0.382713143559 1.15138832773 3.39140555517 5.24916845258
36.30904723779023 -0.32646803347 1.66444470904 3.59151145493 4.74212114672
36.34907926341073 -0.24904634672 2.20775319781 3.77065825424 4.20361436778
36.38911128903123 -0.14944358254 2.77070512442 3.92778672537 3.64394058008
36.42914331465172 -0.0271103637043 3.34128505274 4.06228041835 3.07481181539
36.469175340272216 0.11800584627 3.90681880475 4.17400733834 2.50857842283
36.50920736589271 0.285450343096 4.4547682845 4.26332827385 1.95736530644
36.54923939151321 0.474281552447 4.97345699323 4.33107081009 1.43223829319
36.58927141713371 0.683117351679 5.45262293189 4.37847231388 0.942506800233
36.62930344275421 0.910198630691 5.88372665835 4.40709936582 0.495245513301
36.6693354683747 1.15346019141 6.25999246507 4.41875263637 0.0950720442769
36.709367493995195 1.4105974018 6.57620742302 4.41536940162 -0.255820477755
36.74939951961569 1.67912244362 6.82832766481 4.39892924063 -0.557409802548
36.78943154523619 1.95640075545 7.01299264225 4.37137613765 -0.811439087217
36.82946357085669 2.23966854851 7.12702222486 4.33455698569 -1.02092133153
36.86949559647718 2.52603099062 7.16699221712 4.29018133377 -1.18962663317
36.90952762209768 2.81244632115 7.12895622661 4.23980079525 -1.32160480795
36.949559647718175 3.09570271895 7.00836531452 4.18480592087 -1.42078527056
36.98959167333867 3.37239642259 6.80022968171 4.12643752035 -1.49068635884
37.02962369895917 3.63892143934 6.49952361811 4.06580681302 -1.53424546635
37.06965572457966 3.8914801395 6.10182498453 4.0039199848 -1.55377661081
37.10968775020016 4.12612355763 5.60414108358 3.9417019398 -1.55104796343
37.14971977582066 4.33882630918 5.00583730248 3.8800150134 -1.52745820646
37.189751801441155 4.52560165388 4.30956408895 3.81966870413 -1.48429123842
37.22978382706165 4.68264701331 3.52200802471 3.76141889601 -1.42298392485
37.26981585268214 4.80651657267 2.65434990767 3.70595659441 -1.34538161727
37.30984787830264 4.89430312692 1.72227559145 3.65388756028 -1.25391745492
37.34987990392314 4.94381008085 0.745468965001 3.60570705203 -1.15167943793
37.389911929543636 4.95369255325 -0.253413124535 3.56177443855 -1.04234674907
37.429943955164134 4.92354876028 -1.25018387062 3.52229283651 -0.930005049395
37.469975980784625 4.85394767957 -2.22079351052 3.48729816303 -0.81887982799
37.51000800640512 4.74639022425 -3.14300830363 3.45665929817 -0.713039506153
37.55004003202562 4.60320647561 -3.99784972337 3.43008989209 -0.616131968957
37.59007205764612 4.42740332719 -4.7706186873 3.40716916213 -0.531202800395
37.630104083266616 4.22248105776 -5.45139607023 3.38736785455 -0.460624835955
37.67013610888711 3.99224080469 -6.03502730962 3.3700746983 -0.40613811857
37.710168134507605 3.74060170396 -6.52065894589 3.35461938138 -0.368981345697
37.7502001601281 3.47144382141 -6.91095311615 3.34028890035 -0.35008045648
37.7902321857486 3.18848576125 -7.21115187846 3.32633608093 -0.350250383357
37.8302642113691 2.89520098173 -7.42810022934 3.31198019464 -0.370380597434
37.87029623698959 2.59477199064 -7.56935259008 3.29640098406 -0.411574638271
37.910328262610086 2.29007728503 -7.64243301061 3.27872833479 -0.475227784953
37.950360288230584 1.9837043471 -7.65428430252 3.25803014358 -0.563036344711
37.99039231385108 1.67798048217 -7.61091851659 3.23330127029 -0.676938230353
38.03042433947158 1.37501393731 -7.51725603228 3.203456098 -0.818990808579
38.07045636509207 1.07673795908 -7.37713322233 3.16732711845 -0.99119482749
38.11048839071257 0.784951661483 -7.19344936921 3.12367143497 -1.19527705211
38.150520416333066 0.501352757444 -6.96842042951 3.07118653543 -1.43244757815
38.190552441953564 0.227558581216 -6.70390423562 3.00853596078 -1.70315167584
38.23058446757406 -0.0348867056371 -6.40175934715 2.93438463015 -2.0068397219
38.27061649319455 -0.284519290326 -6.06419750543 2.84744257656 -2.34178170982
38.31064851881505 -0.519976192697 -5.69408956759 2.74651476601 -2.70495312066
38.35068054443555 -0.740026457791 -5.29518763182 2.63055367663 -3.09201573172
38.390712570056046 -0.943608943828 -4.87223247711 2.4987103558 -3.49740978949
38.43074459567654 -1.12987186866 -4.43093016279 2.35037954622 -3.91456054113
38.470776621297034 -1.298208868 -3.97779754496 2.18523460757 -4.33618749163
38.51080864691753 -1.4482863394 -3.51988874686 2.00324810707 -4.75469400524
38.55084067253803 -1.58005799907 -3.06444111394 1.80469590254 -5.16259465262
38.59087269815853 -1.69376445462 -2.61848622698 1.59014420176 -5.55293464523
38.630904723779025 -1.78991705109 -2.18847630234 1.36042048161 -5.91965466564
38.67093674939952 -1.86926955036 -1.77996399842 1.11657306927 -6.25787570191
38.710968775020014 -1.93277478374 -1.39739238887 0.859817899869 -6.56404364159
38.75100080064051 -1.98154000865 -1.04398150308 0.591486483026 -6.83597904891
38.79103282626101 -2.01677664449 -0.721741262632 0.31297100304 -7.07279115182
38.83106485188151 -2.03975412405 -0.431584194661 0.0256763751654 -7.27470180502
38.871096877502005 -2.05175958761 -0.17351860246 -0.269019576198 -7.44279869932
38.911128903122496 -2.05406647071 0.053106481994 -0.569795127918 -7.57874943747
38.95116092874299 -2.04791341282 0.249331532432 -0.875401977515 -7.68450318541
38.99119295436349 -2.03449413365 0.416315866738 -1.18467065169 -7.76200270902
39.03122497998399 -2.01495780651 0.555087293694 -1.49650492555 -7.8129256146
39.07125700560449 -1.99041878688 0.666326033891 -1.80986668882 -7.83846637992
39.11128903122498 -1.96197401522 0.750193555628 -2.12375317024 -7.83916760305
39.151321056845475 -1.93072655526 0.806211944195 -2.43716812001 -7.81480429292
39.19135308246597 -1.89781242672 0.833204853819 -2.74909000927 -7.76433072353
39.23138510808647 -1.86442876683 0.829301039313 -3.05843906836 -7.68588987836
39.27141713370697 -1.83186049619 0.792005712143 -3.36404606448 -7.57689009504
39.31144915932746 -1.80150242615 0.718358834687 -3.66462585558 -7.43416736659
39.35148118494796 -1.77487344274 0.605162236191 -3.95875895288 -7.25421482774
39.391513210568455 -1.75362016492 0.44929483802 -4.24488368617 -7.03349801059
39.43154523618895 -1.73950624142 0.248098689912 -4.52130266775 -6.76883806922
39.47157726180945 -1.7343852219 -0.000180512970835 -4.78620550137 -6.45784514992
39.51160928742994 -1.74015500926 -0.295934552329 -5.03770949095 -6.09936469197
39.55164131305044 -1.75869460848 -0.637753721264 -5.27391744984 -5.69389686273
39.59167333867094 -1.79178434187 -1.0220702231 -5.49299106439 -5.24392455931
39.631705364291435 -1.84101453154 -1.44293608549 -5.69323444858 -4.75409647711
39.67173738991193 -1.90768878488 -1.89198594984 -5.87318130009 -4.23121348047
39.71176941553242 -1.99272998045 -2.35861157205 -6.03167707923 -3.68399138097
39.75180144115292 -2.09659756071 -2.830345734 -6.16794715418 -3.12260402135
39.79183346677342 -2.21922368322 -3.2934188418 -6.28164303543 -2.55804778713
39.831865492393916 -2.35997424254 -3.73342357084 -6.37286057418 -2.00140011227
39.871897518014414 -2.51763714859 -4.13600445703 -6.44212807807 -1.46306697741
39.911929543634905 -2.69043735235 -4.48749268206 -6.49036568762 -0.952114931881
39.9519615692554 -2.87607529531 -4.77542297539 -6.51882089852 -0.475769485846
39.9919935948759 -3.07178287244 -4.98890403382 -6.52898844964 -0.0391267049154
40.0320256204964 -3.27439153089 -5.11884312359 -6.52252308058 0.354903733887
40.072057646116896 -3.48040682214 -5.15806530707 -6.50115434314 0.705456205544
40.11208967173739 -3.68608635773 -5.10137296944 -6.46661045764 1.01340966761
40.152121697357884 -3.88752032974 -4.94560160722 -6.42055581732 1.28099480146
40.19215372297838 -4.0807142617 -4.6897103674 -6.36454556127 1.51137561992
40.23218574859888 -4.26167687098 -4.33492412107 -6.2999962149 1.70825647727
40.27221777421938 -4.42651411534 -3.88491169912 -6.22817059061 1.87555334
40.31224979983987 -4.57153077781 -3.34596293803 -6.15017477299 2.01715431459
40.352281825460366 -4.69333793887 -2.72710067631 -6.0669624139 2.13676865093
40.392313851080864 -4.78896256522 -2.04006235075 -5.97934356667 2.23785563548
40.43234587670136 -4.85595286584 -1.29909427574 -5.88799508052 2.32361294965
40.47237790232186 -4.89247063789 -0.520517547074 -5.79347064282 2.39700210278
40.51240992794235 -4.89736220098 0.277916105302 -5.69620947995 2.4607857708
40.55244195356285 -4.87019954861 1.07785135444 -5.59654358831 2.51756343685
40.592473979183346 -4.8112861941 1.86125170093 -5.49470377645 2.56979341866
40.632506004803844 -4.72162582153 2.61132114234 -5.39082512719 2.6197997968
40.67253803042434 -4.60285579047 3.31332182212 -5.28495244584 2.66976723837
40.71257005604484 -4.45715141607 3.95520068374 -5.17704605452 2.72172975449
40.75260208166533 -4.28710997865 4.52797063042 -5.0669880602 2.7775592908
40.79263410728583 -4.0956248026 5.02582726215 -4.95458901583 2.83895788362
40.832666132906326 -3.88575953281 5.44603032257 -4.83959480342 2.90745392411
40.87269815852682 -3.66063103681 5.78858239995 -4.72169362108 2.98440090447
40.91273018414732 -3.42330875242 6.05577517584 -4.60052301758 3.07097534237
40.95276220976781 -3.17673296263 6.25168812019 -4.4756770813 3.16817046555
40.99279423538831 -2.92365342753 6.38167012222 -4.34671400585 3.27678337792
41.03282626100881 -2.66658850613 6.45186449088 -4.21316431327 3.3973954532
41.072858286629305 -2.40780155268 6.46880439625 -4.07453998153 3.53034790082
41.1128903122498 -2.14929193681 6.43909414846 -3.93034458419 3.67571460974
41.152922337870294 -1.89279761927 6.36917263012 -3.78008451639 3.83327621831
41.19295436349079 -1.63980459816 6.26515868269 -3.62328117906 4.00250092045
41.23298638911129 -1.3915620061 6.13275517464 -3.45948368854 4.18253440779
41.27301841473179 -1.14909982353 5.97720479202 -3.28828179723 4.37220267863
41.313050440352285 -0.913247608066 5.80327858939 -3.10931838913 4.57002977865
41.353082465972776 -0.684653243005 5.61528447062 -2.92230095303 4.77427087212
41.39311449159327 -0.463801119893 5.41708535932 -2.72701144715 4.9829595792
41.43314651721377 -0.251029544922 5.21211946998 -2.52331399357 5.19396724638
41.47317854283427 -0.0465473717599 5.00341914867 -2.31116004329 5.40507069741
41.51321056845477 0.149550049413 4.79362525993 -2.09059075311 5.61402422787
41.55324259407526 0.337265433422 4.58499807983 -1.86173645541 5.81863108378
41.593274619695755 0.51668451169 4.37942604868 -1.62481331146 6.01681006034
41.63330664531625 0.687961315757 4.17843501106 -1.38011749746 6.20665297682
41.67333867093675 0.851303918264 3.98320007501 -1.1280173651 6.38646971113
41.71337069655725 1.00696063329 3.79456267099 -0.868943974791 6.5548189208
41.75340272217774 1.15520716201 3.61305427515 -0.603380796014 6.71052261167
41.79343474779824 1.29633481834 3.43892667068 -0.331853209282 6.85266677954
41.833466773418735 1.43064041391 3.27218872701 -0.0549185105786 6.98058747036
41.87349879903923 1.55841588942 3.11265410576 0.226845009962 7.09384519966
41.91353082465973 1.67994378308 2.95998787069 0.512844369854 7.19218576993
41.95356285028022 1.79549052879 2.81376132308 0.802479937327 7.27550044498
41.99359487590072 1.90530463967 2.67350682934 1.09514967152 7.34377619187
42.03362690152122 2.00961600398 2.53877320706 1.39025213109 7.39704608546
42.073658927141715 2.10863781776 2.40917893384 1.68718714802 7.43533922364
42.11369095276221 2.20257004895 2.2844626369 1.98535501309 7.45863222492
42.1537229783827 2.29160542283 2.16452704095 2.28415321183 7.46680515557
42.1937550040032 2.3759364834 2.04947847156 2.58297206095 7.45960068741
42.2337870296237 2.45576493652 1.93965327984 2.88118791097 7.43659327296
42.273819055244196 2.5313107248 1.83563738791 3.17815643706 7.39716384461
42.313851080864694 2.60282233548 1.73827566013 3.47320452366 7.34048235045
42.353883106485185 2.67058726632 1.64865423994 3.76562125755 7.26551191178
42.39391513210568 2.73494086705 1.56808145231 4.05465037946 7.17101460681
42.43394715772618 2.79627454946 1.49803994984 4.33948251112 7.05558108749
42.47397918334668 2.85504151037 1.44011981601 4.6192491296 6.91767681088
42.514011208967176 2.91175928826 1.39593030592 4.89301885808 6.75570727199
42.55404323458767 2.96700848051 1.36698921731 5.15979663539 6.56810361279
42.594075260208164 3.02142643635 1.35459265141 5.41852684465 6.353426991
42.63410728582866 3.07569559262 1.35966953503 5.66810080262 6.11048805543
42.67413931144916 3.13052600762 1.38263015207 5.9073690911 5.8384739261
42.71417133706966 3.18663006982 1.42320540144 6.13516036126 5.53708594021
42.754203362690156 3.24469475458 1.48032687385 6.35030262504 5.20664299256
42.794235388310646 3.30534569089 1.55200430271 6.55165120774 4.84819049967
42.834267413931144 3.36910952586 1.63526820415 6.73811866832 4.46355373127
42.87429943955164 3.43637411076 1.72616084774 6.90870660968 4.05535188282
42.91433146517214 3.50735005384 1.81979795089 7.0625366916 3.62695393258
42.95436349079264 3.58203573785 1.91049587125 7.19887904822 3.18238232485
42.99439551641313 3.66018950839 1.99198313371 7.31717527103 2.72615177202
43.034427542033626 3.74131109433 2.05765520265 7.41705439275 2.26308051094
43.074459567654124 3.824634251 2.10088533279 7.49834074258 1.79806733298
43.11449159327462 3.90913251576 2.11535590103 7.56105260561 1.33586639162
43.15452361889512 3.99353832064 2.09539211203 7.60539211607 0.880877203979
43.19455564451561 4.07637503145 2.03627435387 7.63172743942 0.436968593169
43.23458767013611 4.15600080326 1.93450590102 7.64056875059 0.0073512974005
43.274619695756606 4.23066196399 1.78802234533 7.63254020228 -0.405495642653
43.3146517213771 4.29855306617 1.59632512167 7.60835031702 -0.799842901841
43.3546837469976 4.35788121058 1.36053999212 7.56876220444 -1.17468160235
43.39471577261809 4.40693078005 1.08339292941 7.51456596508 -1.52965539066
43.43474779823859 4.44412565355 0.769099028629 7.44655450515 -1.86496338696
43.47477982385909 4.46808533451 0.423181928058 7.36550348487 -2.18125136491
43.514811849479585 4.47767271933 0.0522311079121 7.27215558515 -2.47950050722
43.55484387510008 4.47203098961 -0.336395577944 7.16720930566 -2.76091987138
43.594875900720574 4.45060764216 -0.734899721205 7.05131185614 -3.02685126259
43.63490792634107 4.41316558093 -1.13538179311 6.92505542147 -3.27868761273
43.67493995196157 4.35978029581 -1.53017392597 6.78897655454 -3.51780669195
43.71497197758207 4.29082473586 -1.91214425594 6.64355779529 -3.74551886361
43.755004003202565 4.2069420997 -2.27495403841 6.48923126555 -3.9630286956
43.795036028823056 4.10901000639 -2.61325618127 6.32638347153 -4.17140737284
43.83506805444355 3.99809800425 -2.92282623933 6.1553610136 -4.37157469141
43.87510008006405 3.87542112912 -3.20062433935 5.97647687972 -4.56428915949
43.91513210568455 3.74229232698 -3.4447927834 5.7900169869 -4.75014479695
43.95516413130505 3.6000762095 -3.65459490815 5.59624672563 -4.92957387949
43.99519615692554 3.45014606262 -3.83031169001 5.39541730315 -5.10285436579
44.035228182546035 3.29384589515 -3.97310230219 5.18777168891 -5.27012201623
44.07526020816653 3.13245823008 -4.08484778236 4.97355002107 -5.43138581834
44.11529223378703 2.96717904588 -4.16798721469 4.75299425643 -5.58654649286
44.15532425940753 2.79909782041 -4.22535803225 4.52635220076 -5.73541642475
44.19535628502802 2.62918464161 -4.26004560283 4.29388062164 -5.87774115489
44.23538831064852 2.45828338315 -4.27525005824 4.05584745368 -6.0132210409
44.275420336269015 2.28710877824 -4.27416896496 3.8125333276 -6.14153221759
44.31545236188951 2.11625166512 -4.2599203207 3.56423157202 -6.26234476577
44.35548438751001 1.94617872404 -4.23545623188 3.31124893816 -6.37533891503
44.3955164131305 1.77724350501 -4.20351942655 3.05390439236 -6.48021864557
44.435548438751 1.60969425216 -4.16660774327 2.79252816926 -6.57672112355
44.4755804643715 1.44368446478 -4.12695612732 2.52746023767 -6.6646228422
44.515612489991994 1.27928370355 -4.08653020387 2.25904866093 -6.74374234755
44.55564451561249 1.11648816733 -4.04703017143 1.9876479292 -6.81393956112
44.59567654123298 0.955231060074 -4.00990038221 1.71361737228 -6.87511291456
44.63570856685348 0.795392450545 -3.97634397864 1.43731972947 -6.92719435073
44.67574059247398 0.63680893413 -3.94734034453 1.1591198786 -6.9701428878
44.715772618094476 0.479282063008 -3.92366267974 0.879383908183 -7.00393769963
44.755804643714974 0.322586153414 -3.90589447317 0.598478458515 -7.02857135152
44.79583666933547 0.166475969917 -3.89444477623 0.316770276199 -7.0440433279
44.83586869495596 0.0106929497218 -3.88955812526 0.034626105716 -7.05035567924
44.87590072057646 -0.145027132943 -3.89132537769 -0.247587476143 -7.0475082537
44.91593274619696 -0.300950299363 -3.89968055173 -0.529503713241 -7.03549985751
44.955964771817456 -0.457336329695 -3.91440405414 -0.810755807256 -7.01432695961
44.995996797437954 -0.614433170157 -3.93511607105 -1.09097681942 -6.98398648879
45.036028823058444 -0.772470293044 -3.96126669109 -1.36979977293 -6.94448009539
45.07606084867894 -0.931651138889 -3.9921229098 -1.64685791596 -6.89581967531
45.11609287429944 -1.09214621278 -4.02675308648 -1.92178529344 -6.83803380916
45.15612489991994 -1.25408435725 -4.06400989476 -2.19421756103 -6.7711746201
45.196156925540436 -1.41754391987 -4.1025138756 -2.46379302649 -6.69532411649
45.236188951160926 -1.58254315963 -4.1406380974 -2.73015395524 -6.6105998368
45.276220976781424 -1.74902997832 -4.17649762786 -2.99294812746 -6.51715834961
45.31625300240192 -1.91687155156 -4.20794613881 -3.25183040171 -6.41519618341
45.35628502802242 -2.08584416699 -4.23257340003 -3.5064642192 -6.30495079084
45.39631705364292 -2.25562244829 -4.24773135275 -3.75652330367 -6.18669167073
45.43634907926341 -2.42577039712 -4.25054966376 -4.00169279337 -6.06071689519
45.476381104883906 -2.59573391759 -4.23799984379 -4.24166995693 -5.92733579631
45.516413130504404 -2.76483531389 -4.20694657745 -4.47616452636 -5.78685815037
45.5564451561249 -2.93227074235 -4.15423765202 -4.70489832519 -5.63957522163
45.5964771817454 -3.09711130966 -4.07680970411 -4.92760418489 -5.48573995016
45.63650920736589 -3.25830948279 -3.97181515369 -5.14402391605 -5.3255462018
45.67654123298639 -3.41471062558 -3.836766118 -5.35390552754 -5.15910754006
45.716573258606886 -3.56507013875 -3.66968780227 -5.55699965293 -4.98643704007
45.75660528422738 -3.70807693373 -3.46927964144 -5.75305515995 -4.80742838861
45.79663730984788 -3.84238442062 -3.23507268737 -5.94181394363 -4.62183988226
45.83666933546837 -3.96664626089 -2.96756652191 -6.12300529751 -4.42928183129
45.87670136108887 -4.07955717287 -2.6683409154 -6.2963398242 -4.22920773072
45.91673338670937 -4.17989770544 -2.34013370864 -6.46150305138 -4.02090964695
45.956765412329865 -4.26658239431 -1.98683471013 -6.61814891569 -3.80352253019
45.99679743795036 -4.33870339864 -1.6134599222 -6.76589370132 -3.5760306039
46.036829463570854 -4.39557449391 -1.22602855073 -6.90431029844 -3.33728449047
46.07686148919135 -4.43676758992 -0.831385304172 -7.03292331376 -3.08602672101
46.11689351481185 -4.46214119698 -0.436959423087 -7.15120544555 -2.82092830836
46.15692554043235 -4.4718582997 -0.0504761314582 -7.25857553381 -2.54063779413
46.196957566052845 -4.46639141184 0.320366768365 -7.35439894059 -2.24384484045
46.236989591673336 -4.44651538267 0.668228967077 -7.43799063768 -1.92935742871
46.27702161729383 -4.41328615719 0.986456796184 -7.50862176635 -1.59619395712
46.31705364291433 -4.3680072209 1.26938097494 -7.56553010919 -1.24368619196
46.35708566853483 -4.31218509111 1.51257057855 -7.60793474336 -0.871588305362
46.39711769415533 -4.24747552081 1.71302548383 -7.63505517337 -0.480184425151
46.43714971977582 -4.17562355281 1.86929777494 -7.64613451309 -0.0703839624968
46.477181745396315 -4.09840025468 1.98153488508 -7.64046604228 0.356206839517
46.51721377101681 -4.0175393811 2.05143989141 -7.61742197314 0.797249937885
46.55724579663731 -3.9346772053 2.08215484897 -7.576482656 1.24968558232
46.59727782225781 -3.85129850461 2.07806881659 -7.51726441097 1.70979565874
46.6373098478783 -3.76869159527 2.04456437446 -7.43954367908 2.17332060245
46.6773418734988 -3.68791406966 1.98771989084 -7.3432757456 2.63562254006
46.717373899119295 -3.60977207103 1.91398153768 -7.22860562409 3.09188879251
46.75740592473979 -3.53481162543 1.82983870857 -7.09587093732 3.53734785311
46.79743795036029 -3.46332328898 1.74151504225 -6.94559585515 3.96748785563
46.83746997598078 -3.39535834454 1.654701302 -6.77847663171 4.37825277875
46.87750200160128 -3.33075455891 1.57434472347 -6.59536005054 4.76620052031
46.91753402722178 -3.26916901203 1.50450612222 -6.3972165307 5.12861054486
46.957566052842274 -3.21011536776 1.44828663181 -6.18510993384 5.463536699
46.99759807846277 -3.15300250171 1.40782251908 -5.96016651914 5.7698044495
47.03763010408327 -3.09717231554 1.38433703195 -5.72354486971 6.04696145529
47.07766212970376 -3.04193443457 1.37823848604 -5.476408633 6.29519004812
47.11769415532426 -2.98659633425 1.38924909057 -5.21990330229 6.51519508091
47.157726180944756 -2.93048791442 1.41655118933 -4.95513777481 6.70807890792
47.197758206565254 -2.87298009242 1.45893763048 -4.68317098413 6.87521501345
47.23779023218575 -2.81349744354 1.51495642658 -4.405003487 7.01812886536
47.27782225780624 -2.75152540519 1.58304165557 -4.12157347314 7.13839263646
47.31785428342674 -2.68661250092 1.66162594577 -3.83375673014 7.23753758632
47.35788630904724 -2.61836844649 1.74923203507 -3.54236975688 7.31698561282
47.397918334667736 -2.54645907563 1.84454271236 -3.24817518286 7.37800003266
47.437950360288234 -2.47059885785 1.94644928037 -2.95188880592 7.42165493257
47.477982385908724 -2.39054199201 2.05408246298 -2.65418745824 7.44881930325
47.51801441152922 -2.30607285299 2.16682881804 -2.35571706934 7.46015304681
47.55804643714972 -2.21699418103 2.2843140382 -2.05710190158 7.45613067112
47.59807846277022 -2.12312002247 2.40640408478 -1.75894997997 7.43704818838
47.638110488390716 -2.02426547322 2.5331718273 -1.46186048866 7.40305940145
47.678142514011206 -1.92023852852 2.66485926885 -1.16642917912 7.35421517063
47.718174539631704 -1.81083543609 2.80184021184 -0.873250653223 7.29050111831
47.7582065652522 -1.69583523402 2.94456824931 -0.582920920812 7.21188713799
47.7982385908727 -1.57499822889 3.09352660207 -0.296036591915 7.11837458388
47.8382706164932 -1.4480656865 3.24917331343 -0.0131927767113 7.0100458139
47.87830264211369 -1.31476190763 3.41188630028 0.265021105188 6.88711194823
47.918334667734186 -1.17479861113 3.58190991505 0.538027440794 6.74995682332
47.958366693354684 -1.0278812283 3.75930463994 0.805268042508 6.59917408841
47.99839871897518 -0.873717236857 3.9439008174 1.06621320403 6.43559645294
48.03843074459568 -0.712026224083 4.13525877184 1.32037167469 6.26031291081
48.07846277021617 -0.542551342401 4.3326357415 1.56730101748 6.07467296242
48.11849479583667 -0.365071863659 4.53496007638 1.80661778286 5.88027618618
48.158526821457166 -0.17941708117 4.74081117873 2.03800728032 5.6789461611
48.19855884707766 0.0145197082071 4.94840580996 2.26123158874 5.47269072462
48.23859087269816 0.21676673723 5.15558715425 2.47613596791 5.26365066788
48.27862289831865 0.427257664337 5.35981504542 2.68265306796 5.05403223238
48.31865492393915 0.645816861462 5.55815542484 2.88080401503 4.84604155106
48.35868694955965 0.872143119088 5.74726643699 3.07069697628 4.64181266914
48.398718975180145 1.10579302213 5.92338150934 3.25252303402 4.4433390104
48.43875100080064 1.34616357006 6.08228991895 3.42654927345 4.2524118015
48.478783026421134 1.59247398123 6.21931888088 3.59310950232 4.07056999794
48.51881505204163 1.84374700249 6.32932422006 3.75259345977 3.8990629677
48.55884707766213 2.09879012956 6.40669836802 3.90543471031 3.73882805662
48.59887910328263 2.35617762794 6.44540765824 4.05209793153 3.59048301065
48.638911128903125 2.61423501561 6.43907714263 4.19306620021 3.45433257164
48.678943154523616 2.8710281153 6.38113422763 4.3288287942 3.33038424756
48.71897518014411 3.12435919836 6.26502529387 4.45986972349 3.21837147707
48.75900720576461 3.37177335767 6.08451493181 4.58665726667 3.11777987429
48.79903923138511 3.61057834456 5.8340694664 4.70963455804 3.02787244086
48.83907125700561 3.83788240089 5.50931973538 4.82921116032 2.94770990195
48.8791032826261 4.05065058395 5.10756329475 4.94575523155 2.87616488749
48.919135308246595 4.2457815262 4.62827506347 5.05958617597 2.81193023773
48.95916733386709 4.42020302205 4.07357602047 5.17096754175 2.75352261161
48.99919935948759 4.57098949128 3.44857243651 5.28010001494 2.69928314933
49.03923138510809 4.69548081112 2.76153470269 5.38711435999 2.64738211827
49.079263410728586 4.79141143755 2.02381626665 5.4920648134 2.59582518251
49.11929543634908 4.85702680414 1.24954984014 5.59492263578 2.54246397197
49.159327461969575 4.89118481915 0.455068979028 5.69557018964 2.48500683551
49.19935948759007 4.89342828471 -0.341869681907 5.79379534849 2.42102495212
49.23939151321057 4.86402452828 -1.122980992 5.88928595469 2.34794767231
49.27942353883107 4.80396770241 -1.87037704083 5.98162379786 2.26304334413
49.31945556445156 4.71494655819 -2.56741780745 6.07027759956 2.16338745611
49.35948759007206 4.59927859512 -3.19939715869 6.15459450104 2.0458248471
49.399519615692554 4.45982291728 -3.75402337885 6.23379023999 1.90694304159
49.43955164131305 4.29987788543 -4.22167612926 6.30693880744 1.74307753508
49.47958366693355 4.1230720908 -4.59546725418 6.37296334431 1.55037231871
49.51961569255404 3.93325639315 -4.87115948143 6.43063093516 1.32491638186
49.55964771817454 3.73440082811 -5.04700680423 6.478554564 1.06296802686
49.599679743795036 3.53049842562 -5.12357806242 6.51520589551 0.761267306247
49.639711769415534 3.32547566006 -5.10360985705 6.53894201805 0.417417685471
49.67974379503603 3.12310781837 -4.99190624425 6.54804824894 0.0303017065905
49.71977582065652 2.92693757094 -4.79527598147 6.54079746185 -0.39952069732
49.75980784627702 2.74019565255 -4.52247119413 6.51552450515 -0.86949688354
49.79983987189752 2.56572556785 -4.18407748321 6.47070893715 -1.37490882545
49.839871897518016 2.40591354792 -3.79230345043 6.40506265362 -1.90889668937
49.879903923138514 2.26263027211 -3.36063523437 6.31761105552 -2.46270435185
49.919935948759004 2.13718898077 -2.90334004821 6.20776062544 -3.02614687785
49.9599679743795 2.03032613866 -2.43484924691 6.07534382498 -3.58825053342
50.0 1.94220836057 -1.96907633647 5.9206360392 -4.13799128299
