0.0 1.0 0.0 -0.5 0.0
0.040032025620496396 0.997104574636 -0.144550941805 -0.497558282235 0.121900876368
0.08006405124099279 0.988443623687 -0.287838180973 -0.490254297081 0.242745372582
0.1200960768614892 0.974092480228 -0.428624875503 -0.478151038599 0.361498237616
0.16012810248198558 0.95417531999 -0.565726784315 -0.461352430885 0.477165612988
0.200160128102482 0.92886208828 -0.698034861575 -0.440000885013 0.588812842401
0.2401921537229784 0.89836533468 -0.824534123226 -0.414274817813 0.695579378696
0.28022417934347477 0.862936208496 -0.944317470668 -0.384385493251 0.796689762419
0.32025620496397117 0.822859680948 -1.05659559121 -0.350573251922 0.891461564639
0.3602882305844676 0.778450020799 -1.16069919148 -0.31310393322 0.979307336245
0.400320256204964 0.730045875565 -1.25607826084 -0.272264978664 1.05973427536
0.4403522818254604 0.678005613816 -1.34229596058 -0.228361729739 1.13233971118
0.4803843074459568 0.622703004779 -1.41901882621 -0.18171397757 1.19680373815
0.5204163330664532 0.56452321526 -1.48600506812 -0.132652752116 1.25288038335
0.5604483586869495 0.503859595427 -1.54308867109 -0.0815177062651 1.30038554649
0.600480384307446 0.441110825658 -1.59016591382 -0.0286547761086 1.33918684415
0.6405124099279423 0.376678760658 -1.62718018262 0.0255856347587 1.36919217355
0.6805444355484388 0.310966777257 -1.65410877794 0.0808500938403 1.39033987541
0.7205764611689351 0.24437869013 -1.67095137727 0.136783156443 1.4025902545
0.7606084867894315 0.177318033962 -1.67772101927 0.193028116526 1.40591909756
0.800640512409928 0.110187663774 -1.67443823699 0.249227533231 1.40031370069
0.8406725380304243 0.0433895014914 -1.66112878646 0.305023667956 1.38577176883
0.8807045636509208 -0.0226756682679 -1.63782433738 0.360058911319 1.36230263888
0.9207365892714171 -0.0876085324915 -1.60456684105 0.413976340684 1.32993140693
0.9607686148919136 -0.15101177829 -1.56141585627 0.466420456912 1.28870536456
1.00080064051241 -0.212490977377 -1.50845837333 0.517038219226 1.23870234465
1.0408326661329064 -0.271655935752 -1.44582115331 0.565480484844 1.18004101037
1.0808646917534028 -0.328122559943 -1.37368427541 0.61140386931 1.11289198478
1.120896717373899 -0.381515263659 -1.2922951301 0.654473045839 1.0374892033
1.1609287429943955 -0.431469941198 -1.20198207921 0.694363504121 0.954140851466
1.200960768614892 -0.477637457832 -1.10316668307 0.730764718993 0.863238988528
1.2409927942353882 -0.519687588352 -0.996373546488 0.763383668207 0.765267086183
1.2810248198558847 -0.557313349928 -0.882236853164 0.791948652671 0.660804719701
1.3210568454763811 -0.590235299455 -0.761502696673 0.816213047452 0.550528743778
1.3610888710968776 -0.618206052278 -0.635026904307 0.835959215476 0.435210649602
1.4011208967173738 -0.641014604221 -0.503767969511 0.851002222585 0.315709849251
1.4411529223378703 -0.658490092429 -0.368775233283 0.861193047096 0.192963061882
1.4811849479583667 -0.670505426285 -0.231171151953 0.86642165993 0.06796871608
1.521216973578863 -0.676979454908 -0.0921317802658 0.866618841375 -0.058229932231
1.5612489991993594 -0.677878810717 0.0471370745709 0.861757713706 -0.184565337709
1.601281024819856 -0.673218571264 0.185424663403 0.851854260772 -0.30996689507
1.6413130504403524 -0.663061940758 0.32154060516 0.836967009695 -0.433382531629
1.6813450760608486 -0.647519010434 0.454338338969 0.817195929032 -0.553798679833
1.721377101681345 -0.626744470072 0.58273854702 0.792680429351 -0.670260216296
1.7614091273018415 -0.600934588007 0.705745890677 0.763596747034 -0.7818847301
1.801441152922338 -0.570323553055 0.822463672965 0.730154778882 -0.887875071378
1.8414731785428342 -0.53517930861 0.932102996503 0.692594481941 -0.987527271154
1.8815052041633307 -0.495799144021 1.03398678469 0.651182059832 -1.08023416122
1.9215372297838271 -0.452505220658 1.12755020842 0.606206086679 -1.16548597981
1.9615692554043234 -0.405640171241 1.21233505857 0.557973678884 -1.24286590335
2.00160128102482 -0.355562856792 1.28798016903 0.506806789063 -1.31204225964
2.0416333066453163 -0.302644943793 1.35421232739 0.453039183824 -1.37276112558
2.0816653322658127 -0.247267472623 1.41083213811 0.397013400104 -1.42483466777
2.121697357886309 -0.189818185397 1.4577001618 0.339078333635 -1.46812968264
2.1617293835068057 -0.130689477764 1.49472356188 0.279587345448 -1.50255651282
2.2017614091273017 -0.0702767165489 1.52184329205 0.218896670349 -1.52805835203
2.241793434747798 -0.00897716542354 1.53902310759 0.157364334553 -1.54460202252
2.2818254603682946 0.0528107872856 1.54624125861 0.0953493301327 -1.55217094187
2.321857485988791 0.114688079295 1.5434851223 0.033211061774 -1.55076047064
2.3618895116092875 0.176255279236 1.5307486477 -0.0286910770933 -1.54037556423
2.401921537229784 0.237112855289 1.50803337682 -0.0899980874878 -1.52103134998
2.4419535628502804 0.296861559974 1.47535279802 -0.150351836122 -1.49275645054
2.4819855884707764 0.355103054331 1.43273969031 -0.209395710186 -1.45559874995
2.522017614091273 0.411440844034 1.3802557861 -0.26677550445 -1.409633031
2.5620496397117694 0.465481645067 1.31800363496 -0.322140662716 -1.35497049192
2.602081665332266 0.516837363055 1.24614130356 -0.375146044913 -1.29177067802
2.6421136909527623 0.565127626656 1.1648963634 -0.425454104981 -1.22025271676
2.6821457165732587 0.60998271882 1.07457854702 -0.472737363963 -1.14070546743
2.722177742193755 0.651047200301 0.975593116598 -0.516681497058 -1.0534984161
2.762209767814251 0.687983943984 0.868450774647 -0.556988728417 -0.959089701311
2.8022417934347477 0.720478357939 0.75377462342 -0.593381377414 -0.858031757041
2.842273819055244 0.74824334443 0.63230337614 -0.625606016075 -0.750973913934
2.8823058446757406 0.77102366346 0.504889015672 -0.653437126706 -0.638660482842
2.922337870296237 0.788600181353 0.372489492271 -0.676680666575 -0.521924791243
2.9623698959167335 0.800794135323 0.236157720693 -0.695177655109 -0.401680181297
3.00240192153723 0.807470473339 0.0970235874549 -0.708806996983 -0.278905267638
3.042433947157726 0.808540651449 -0.0437252541637 -0.717487862947 -0.154628176368
3.0824659727782224 0.80396437863 -0.184868013399 -0.721181204599 -0.0299062793285
3.122497998398719 0.793750504385 -0.325175715166 -0.71989056291 0.0941944011376
3.1625300240192153 0.777956798848 -0.463437365484 -0.713661961347 0.216620875255
3.202562049639712 0.756688734696 -0.598484815651 -0.702582969398 0.33635390015
3.2425940752602083 0.730097309096 -0.729215466902 -0.68678096386 0.452427032753
3.2826261008807047 0.698376009563 -0.854611371388 -0.66642066795 0.563942837039
3.322658126501201 0.661757129552 -0.973754138489 -0.641701134122 0.670085748528
3.362690152121697 0.62050745004 -1.08583503887 -0.612852177502 0.77013110765
3.4027221777421937 0.574924056615 -1.19015944233 -0.580130894911 0.863449538103
3.44275420336269 0.525329464155 -1.2861473031 -0.543817579013 0.949508228289
3.4827862289831866 0.472067209791 -1.37332842821 -0.504211984828 1.02786787574
3.522818254603683 0.415497456822 -1.45133361031 -0.461629563807 1.09817627401
3.5628502802241795 0.355993610246 -1.5198843371 -0.416398521601 1.16016056419
3.602882305844676 0.293938362287 -1.5787779644 -0.368856335473 1.2136159081
3.642914331465172 0.229721174061 -1.62787364603 -0.319347451205 1.25839452242
3.6829463570856684 0.163736286091 -1.66707868967 -0.268221396106 1.2943949475
3.722978382706165 0.0963809212006 -1.69633483452 -0.215831018543 1.32155121266
3.7630104083266613 0.0280541264037 -1.71560653665 -0.162531241325 1.33982348709
3.803042433947158 -0.0408439248686 -1.7248717495 -0.108678185847 1.34919062648
3.8430744595676543 -0.109912342771 -1.72411559464 -0.0546285312312 1.34964495313
3.8831064851881507 -0.178749723493 -1.7133273407 -0.000739047815622 1.34118960787
3.9231385108086467 -0.246954317255 -1.69250078867 0.0526338319237 1.32383855602
3.963170536429143 -0.314124289274 -1.66163826851 0.10513450202 1.29761941386
4.00320256204964 -0.379858170117 -1.62075715716 0.156408810397 1.26257824526
4.0432345876701365 -0.443755640338 -1.5698998316 0.206104933698 1.21878703772
4.083266613290633 -0.505418779658 -1.5091462894 0.253874601804 1.16635325439
4.123298638911129 -0.564453852818 -1.43862812688 0.299374730077 1.10543043098
4.1633306645316255 -0.620473670953 -1.35854319884 0.342269488391 1.03622928017
4.2033626901521215 -0.673100538327 -1.26917024201 0.38223281272 0.959028734471
4.243394715772618 -0.721969765775 -1.17088250367 0.418951343024 0.874186172057
4.283426741393114 -0.766733692285 -1.06415924276 0.452127740286 0.782145936279
4.323458767013611 -0.807066108893 -0.949594038672 0.481484298443 0.683445315168
4.363490792634107 -0.842666937608 -0.827899079884 0.506766734258 0.578717334542
4.403522818254603 -0.873266988363 -0.699904927984 0.527748016232 0.468689982255
4.4435548438751 -0.898632604801 -0.566554615752 0.544232079353 0.354180970125
4.483586869495596 -0.91856999036 -0.428892442999 0.556057264669 0.236088337695
4.523618895116093 -0.932928905915 -0.288048900033 0.563099246991 0.115378038677
4.563650920736589 -0.941605787876 -0.14522058715 0.565273482192 -0.00693237395793
4.603682946357086 -0.944545847432 -0.00164576990984 0.562536829255 -0.129793437286
4.643714971977582 -0.94174429982 0.141420941627 0.554888476875 -0.252144107086
4.683746997598078 -0.933246455955 0.282735359619 0.542369957076 -0.372933151559
4.723779023218575 -0.919146765965 0.42109005208 0.525064321922 -0.491140135792
4.763811048839071 -0.899586921202 0.55533860661 0.503094571564 -0.605794716116
4.803843074459568 -0.874752949464 0.684416580747 0.476621282386 -0.715993259521
4.843875100080064 -0.84487153561 0.807358238726 0.445839620991 -0.820912091803
4.883907125700561 -0.810205820844 0.923308433117 0.410975946253 -0.919816884614
4.923939151321057 -0.771050849117 1.03152928142 0.372284133136 -1.01206791732
4.963971176941553 -0.727728829844 1.13140162035 0.330041751835 -1.09712121124
5.00400320256205 -0.68058442898 1.22242192832 0.284546269549 -1.17452609453
5.044035228182546 -0.629980267623 1.30419475258 0.236111415975 -1.24391923969
5.084067253803043 -0.576292805652 1.37642204328 0.185063851564 -1.30501629346
5.124099279423539 -0.51990871239 1.4388900895 0.131740217316 -1.35760165893
5.164131305044036 -0.461221760633 1.49145524133 0.0764845930639 -1.40151737017
5.204163330664532 -0.400630266188 1.53402936102 0.0196463796433 -1.43665181094
5.244195356285028 -0.338535196416 1.56656568788 -0.0384213011907 -1.46292883843
5.2842273819055245 -0.275338870627 1.58904651287 -0.0973627526965 -1.48029841222
5.324259407526021 -0.211443871251 1.60147314826 -0.156820697005 -1.48872908984
5.3642914331465175 -0.147252447761 1.60385832136 -0.216436898714 -1.48820252575
5.4043234587670135 -0.0831662103228 1.5962218088 -0.275852581471 -1.47871060137
5.44435548438751 -0.0195858486271 1.57858963101 -0.334708850091 -1.4602554285
5.484387510008006 0.0430891469931 1.55099625572 -0.392647135394 -1.4328517797
5.524419535628502 0.104460922357 1.51349032288 -0.449309794326 -1.39653234097
5.564451561248999 0.164133991703 1.46614310093 -0.504340971902 -1.35135513403
5.604483586869495 0.221716353548 1.40905940681 -0.557387796103 -1.29741287517
5.644515612489992 0.276821074295 1.34239028094 -0.608101970471 -1.23484368013
5.684547638110488 0.329068489261 1.26634693978 -0.656141889237 -1.16384270548
5.724579663730985 0.378088777275 1.18121402439 -0.701175047917 -1.08467310073
5.764611689351481 0.423525138136 1.08736254975 -0.742880959881 -0.997676596962
5.804643714971977 0.465037585575 0.985261441827 -0.780954584459 -0.903282801277
5.844675740592474 0.502307008727 0.875485598453 -0.815109951283 -0.802015506502
5.88470776621297 0.535039515766 0.758720467278 -0.845084005302 -0.694496011753
5.924739791833467 0.562970878238 0.635762282189 -0.870640514588 -0.581442751116
5.964771817453963 0.585870891465 0.507513519448 -0.89157388428 -0.463666878683
6.00480384307446 0.603547440885 0.374973490645 -0.907712698866 -0.342063756472
6.044835868694956 0.615850088442 0.239224329809 -0.918922836641 -0.217600573746
6.084867894315452 0.62267320104 0.101411758815 -0.925110180049 -0.0912995418995
6.124899919935949 0.623957857867 -0.0372760278054 -0.926222264338 0.0357804132533
6.164931945556445 0.619693245161 -0.175632745335 -0.922249485379 0.16256475093
6.204963971176942 0.609916783277 -0.312459223188 -0.913225206882 0.28798508843
6.244995996797438 0.594712997971 -0.446587497469 -0.899224774872 0.411000021905
6.285028022417935 0.574212139804 -0.576903873607 -0.880364331927 0.530615101903
6.325060048038431 0.548588334196 -0.702370197505 -0.856799235558 0.645901340706
6.365092073658927 0.518054909724 -0.822038693479 -0.828719973011 0.756008254655
6.405124099279424 0.482861207318 -0.935064211066 -0.796349400592 0.860174777144
6.44515612489992 0.443288393928 -1.04071074245 -0.759939087225 0.957735307786
6.4851881505204165 0.399644587729 -1.13835416641 -0.719765041869 1.04812265926
6.5252201761409125 0.35226088979 -1.22747834599 -0.676124205996 1.13086524813
6.5652522017614094 0.301486961889 -1.30766910603 -0.629330526634 1.20558256204
6.6052842273819055 0.247687166005 -1.37860418531 -0.579711488698 1.27197713013
6.645316253002402 0.191237153984 -1.44004097451 -0.527605009058 1.32982455134
6.685348278622898 0.132520877622 -1.49180319493 -0.473356675186 1.37896255061
6.725380304243394 0.0719282642453 -1.53376705343 -0.417317532466 1.41927945738
6.765412329863891 0.00985326410666 -1.56584755616 -0.35984218143 1.4507027377
6.805444355484387 -0.0533071533077 -1.58798719459 -0.301287675084 1.47318929731
6.845476381104884 -0.117154204402 -1.60014609793 -0.242012258962 1.48671701696
6.88550840672538 -0.181287733936 -1.60229510407 -0.182374758659 1.49127852128
6.925540432345877 -0.245306555895 -1.59441188258 -0.122734073254 1.48687740861
6.965572457966373 -0.308808722006 -1.5764804195 -0.0634487507319 1.4735271786
7.005604483586869 -0.371391786989 -1.54849358617 -0.00487660566739 1.4512526983
7.045636509207366 -0.432653316672 -1.51045958944 0.052625868693 1.42009468608
7.085668534827862 -0.492191661277 -1.46241092236 0.108704226996 1.38011641231
7.125700560448359 -0.54960711631 -1.40441538701 0.163007124278 1.33141197394
7.165732586068855 -0.604503714888 -1.33659067202 0.215187868729 1.27411754426
7.205764611689352 -0.656491330991 -1.2591168911 0.264906131789 1.20842097069
7.245796637309848 -0.705188606019 -1.17225246561 0.311830389006 1.13457420008
7.285828662930344 -0.750226081964 -1.07634589389 0.355640438631 1.05290241488
7.325860688550841 -0.791250620154 -0.971851902699 0.396031069822 0.963816827205
7.365892714171337 -0.827929500434 -0.859337356489 0.432715311029 0.867819230613
7.405924739791834 -0.859954867204 -0.739485852965 0.465428010307 0.765505627288
7.44595676541233 -0.88704869669 -0.613099908735 0.493929874054 0.657567997682
7.485988791032827 -0.908967445216 -0.481096150257 0.518011211389 0.544790510318
7.526020816653323 -0.925506215733 -0.344496011161 0.5374953033 0.42804217835
7.566052842273819 -0.936502859871 -0.204411670755 0.552241726689 0.308265737058
7.606084867894316 -0.941841526574 -0.0620248926049 0.562149246514 0.1864608622
7.646116893514812 -0.941454531032 0.0814339206699 0.567157358357 0.0636675194023
7.6861489191353085 -0.935324012099 0.224712090965 0.56724767403 -0.0590550279077
7.7261809447558045 -0.923482253079 0.366561056031 0.562444237699 -0.180649298273
7.766212970376301 -0.906010972209 0.505762962703 0.552813018602 -0.300080903846
7.806244995996797 -0.883039672215 0.641154678486 0.53846064574 -0.416357875702
7.8462770216172935 -0.854742873082 0.771651495795 0.519532248699 -0.528549851036
7.88630904723779 -0.82133668722 0.896263209391 0.496208752996 -0.635801243423
7.926341072858286 -0.783074742178 1.01410799363 0.468703645174 -0.737342755803
7.966373098478783 -0.740243650854 1.12442023711 0.437259355892 -0.832498138979
8.00640512409928 -0.693158300627 1.22655301415 0.40214347564 -0.920686739925
8.046437149719775 -0.642157125105 1.31997679974 0.36364493863 -1.00142308356
8.086469175340273 -0.587597544186 1.40427214454 0.322070307286 -1.07431168087
8.126501200960769 -0.529851625319 1.47911826971 0.277740207189 -1.13903860673
8.166533226581265 -0.469302607442 1.54428268184 0.23098643467 -1.19536382764
8.206565252201761 -0.406341491042 1.59960561487 0.18214908107 -1.24310943934
8.246597277822257 -0.341364431469 1.64498515775 0.131574277535 -1.28214840652
8.286629303442755 -0.274770789746 1.68036316871 0.0796124398911 -1.31239389849
8.326661329063251 -0.206961573376 1.7057119766 0.0266168021318 -1.33378919473
8.366693354683747 -0.138338502929 1.7210232176 -0.0270575717579 -1.3462992546
8.406725380304243 -0.0693033749426 1.72629957181 -0.081054552356 -1.34990455777
8.446757405924739 -0.000257752113335 1.72154961895 -0.135017471328 -1.34459736737
8.486789431545237 0.0683972362301 1.70678582089 -0.188589570772 -1.33038043878
8.526821457165733 0.136261051737 1.68202600426 -0.241414429603 -1.30726845765
8.566853482786229 0.202934050479 1.6472982153 -0.293136509775 -1.27529209881
8.606885508406725 0.268018031496 1.60264858412 -0.343401913651 -1.23450437965
8.646917534027223 0.331117239018 1.54815279812 -0.391859524749 -1.18499007815
8.686949559647719 0.391839623818 1.4839271317 -0.438162286504 -1.126874035
8.726981585268215 0.449798961876 1.41014420744 -0.481969252969 -1.06033395182
8.76701361088871 0.504617221452 1.32704625 -0.522947753038 -0.985610565123
8.807045636509207 0.555927787246 1.2349603475 -0.560776291429 -0.903019582483
8.847077662129704 0.603378962978 1.13430942577 -0.595147584716 -0.812959762446
8.8871096877502 0.646638090365 1.02562296503 -0.6257721202 -0.71592097894
8.927141713370697 0.685396139484 0.909543447119 -0.652382056066 -0.612488628598
8.967173738991193 0.71937170849 0.786828070333 -0.674734584917 -0.5033442978
9.007205764611689 0.748316225161 0.658346879566 -0.692616282917 -0.389263298707
9.047237790232186 0.772017995438 0.525074821724 -0.705846454105 -0.271107461164
9.087269815852682 0.790306292704 0.388078864752 -0.714280491552 -0.149813876923
9.127301841473178 0.803054733243 0.248500649452 -0.717812625226 -0.0263800851336
9.167333867093674 0.810183749882 0.107535090012 -0.716377907965 0.0981539259717
9.207365892714172 0.811662258918 -0.0335932985558 -0.70995352649 0.222725493048
9.247397918334668 0.807508359417 -0.173656288313 -0.698559305106 0.346270763959
9.287429943955164 0.797788939672 -0.311447880794 -0.682257304825 0.467746128689
9.32746196957566 0.782618370214 -0.445808007108 -0.66115067255 0.586147732687
9.367493995196156 0.762156090009 -0.575646889665 -0.635381570157 0.700531482565
9.407526020816654 0.736603486668 -0.699961396936 -0.605128538615 0.810026432788
9.44755804643715 0.706200117625 -0.817850205061 -0.570603312811 0.913847190829
9.487590072057646 0.671219417289 -0.928522840102 -0.532047219554 1.01130129719
9.527622097678142 0.631964170561 -1.03130358887 -0.489727384808 1.10179242074
9.567654123298638 0.58876192229 -1.12563167641 -0.443932888235 1.18482050897
9.607686148919136 0.541960491857 -1.21105573192 -0.394971003022 1.25997730115
9.647718174539632 0.491923566245 -1.28722303874 -0.343163498567 1.32693759716
9.687750200160128 0.439027307062 -1.35387115319 -0.288843767362 1.38545249726
9.727782225780624 0.383656768087 -1.41081268626 -0.23235379432 1.43533707453
9.767814251401122 0.326203195046 -1.45792146295 -0.174041841908 1.47645920934
9.807846277021618 0.267061944153 -1.49511903418 -0.114260634836 1.50872874614
9.847878302642114 0.206630756769 -1.52236128993 -0.053365827327 1.53208674045
9.88791032826261 0.145308645428 -1.53962734453 0.00828503812195 1.54649658976
9.927942353883106 0.0834951324502 -1.54691143766 0.0703332912027 1.55193765397
9.967974379503604 0.02158979468 -1.5442167264 0.132419655303 1.54840043028
10.0080064051241 -0.0400080883566 -1.53155322399 0.194184694975 1.53588513233
10.048038430744596 -0.100899765334 -1.50893834734 0.255269174131 1.51440240527
10.088070456365092 -0.160687394469 -1.47640111194 0.315314548338 1.48397702547
10.128102481985588 -0.218974669635 -1.43398956073 0.373963672468 1.4446542797
10.168134507606085 -0.275367746095 -1.38178030339 0.430861756567 1.39650794553
10.208166533226581 -0.329476463838 -1.3198890697 0.48565755497 1.33964902184
10.248198558847077 -0.380916517507 -1.2484870514 0.538005401727 1.27423964314
10.288230584467573 -0.429311706349 -1.16781283675 0.587567254016 1.20050278142
10.328262610088071 -0.47429696619 -1.07818609031 0.634015407259 1.11873351246
10.368294635708567 -0.515521820258 -0.98001959371 0.677035545923 1.02930890885
10.408326661329063 -0.55265435798 -0.873829437056 0.716330238165 0.932696389494
10.44835868694956 -0.585385475745 -0.760241556098 0.751622633373 0.829458937349
10.488390712570055 -0.613433372675 -0.639994244 0.782660365835 0.720256946906
10.528422738190553 -0.636548296144 -0.513936693667 0.809219666136 0.605846731389
10.568454763811049 -0.654516301407 -0.383020760769 0.83110860558 0.487073396866
10.608486789431545 -0.667163498174 -0.248289908985 0.848170774675 0.364861298498
10.648518815052041 -0.674359342401 -0.110862578468 0.860288131935 0.24019983646
10.688550840672539 -0.676019228735 0.0280881569857 0.867383259887 0.114126123979
10.728582866293035 -0.672106200506 0.167357878229 0.869420868643 -0.0122948490758
10.768614891913531 -0.662631755757 0.30573550298 0.866408529058 -0.137991265149
10.808646917534027 -0.647655576043 0.442028730489 0.858396486696 -0.261906226361
10.848678943154523 -0.627284291667 0.57508823037 0.845476650291 -0.383018520333
10.88871096877502 -0.601669311789 0.703829574923 0.827780775154 -0.500361569248
10.928742994395517 -0.571003842913 0.827251738182 0.805477942167 -0.613039576789
10.968775020016013 -0.535519249852 0.944451327852 0.778771458555 -0.720240166499
11.008807045636509 -0.495480939262 1.05463192693 0.747895328338 -0.821242975553
11.048839071257005 -0.451183987809 1.15710889528 0.713110480194 -0.915424474314
11.088871096877503 -0.40294866041 1.25130894124 0.674700868444 -1.00225841335
11.128903122497999 -0.351115929425 1.33676437091 0.632969537258 -1.0813118044
11.168935148118495 -0.296043581409 1.41310600578 0.588235160469 -1.15223970186
11.20896717373899 -0.238102385493 1.48005137989 0.54082859417 -1.21477597735
11.248999199359488 -0.177672891202 1.53739158617 0.491089935527 -1.26872285835
11.289031224979984 -0.115142782058 1.58497728144 0.439366027217 -1.31393963134
11.32906325060048 -0.0509047536192 1.62270486758 0.386008386835 -1.35033133776
11.369095276220976 0.014645047648 1.65050364827 0.331371599253 -1.37783814062
11.409127301841473 0.0811081081269 1.66832465214 0.275812105499 -1.39642591311
11.44915932746197 0.148084255243 1.67613224554 0.219687314341 -1.40607898729
11.489191353082466 0.215172048466 1.67389823001 0.163354988948 -1.40679481282
11.529223378702962 0.281969022575 1.66159948759 0.107172778605 -1.39858141308
11.569255404323458 0.348071902071 1.63921900554 0.0514977999669 -1.38145750427
11.609287429943954 0.413076942574 1.60675043632 -0.00331385846455 -1.35545540286
11.649319455564452 0.476580397121 1.56420454856 -0.0569076737746 -1.32062555394
11.689351481184948 0.538179566465 1.51162144662 -0.108931732472 -1.27704539537
11.729383506805444 0.597474088334 1.44908172352 -0.159037856142 -1.22482768631
11.76941553242594 0.654067888816 1.3767212384 -0.206883277888 -1.16413156447
11.809447558046438 0.707571779331 1.29474635519 -0.252132791798 -1.09517404705
11.849479583666934 0.757606309453 1.20344730165 -0.294461077453 -1.01824013901
11.88951160928743 0.803805650441 1.10321293363 -0.333555835999 -0.933694008026
11.929543634907926 0.845821683468 0.994541268919 -0.369121058316 -0.841986935639
11.969575660528422 0.883328551323 0.878047345363 -0.400880649773 -0.743663190955
12.00960768614892 0.91602742794 0.754466773512 -0.428582213967 -0.639362565461
12.049639711769416 0.943651335815 0.624654475136 -0.452000864941 -0.529819169728
12.089671737389912 0.965969810311 0.489578189755 -0.470942911455 -0.415856161182
12.129703763010408 0.982793139642 0.350306986144 -0.48524920169 -0.298376589157
12.169735788630904 0.993976285407 0.207993750236 -0.494798213107 -0.178349537325
12.209767814251402 0.999421628087 0.0638548933378 -0.499508215237 -0.056794118788
12.249799839871898 0.999081150717 -0.080854841278 -0.499338989152 0.0652403608633
12.289831865492394 0.992957513476 -0.224868358118 -0.494292681458 0.186694844402
12.32986389111289 0.981103749244 -0.366933673021 -0.484413552354 0.306522128713
12.369895916733388 0.963621887932 -0.505839510651 -0.469786881586 0.423707004494
12.409927942353884 0.940661654425 -0.640440197043 -0.450537985869 0.537285863001
12.44995996797438 0.912417155777 -0.769676694829 -0.426829602004 0.646363308426
12.489991993594876 0.879122577746 -0.892591945076 -0.398858468765 0.750124314947
12.530024019215372 0.841048219923 -1.0083426931 -0.366852220845 0.84784366593
12.57005604483587 0.798495900191 -1.11620517566 -0.331065755642 0.938890605221
12.610088070456365 0.751793728341 -1.21557663468 -0.291777097774 1.02273027098
12.650120096076861 0.701291777392 -1.30597018163 -0.249283960733 1.09891991912
12.690152121697357 0.647357376892 -1.38700730146 -0.20389999924 1.16710335911
12.730184147317853 0.590371023328 -1.45840636748 -0.155951533118 1.22700228466
12.770216172938351 0.530722828588 -1.51996894313 -0.105774676385 1.27840591565
12.810248198558847 0.46880928761 -1.57156557547 -0.0537127083745 1.32116025941
12.850280224179343 0.405031067958 -1.6131202065 -0.000114216491244 1.35515635788
12.89031224979984 0.33979092238 -1.64459633913 0.054668670655 1.38031991912
12.930344275420337 0.273492641305 -1.66598476352 0.110281268272 1.39660224519
12.970376301040833 0.206539943088 -1.67729331524 0.166367379442 1.4039727662
13.010408326661329 0.139336015773 -1.6785396474 0.22256986063 1.40241399577
13.050440352281825 0.0722832145036 -1.66974716957 0.278531087083 1.39191899587
13.090472377902321 0.00578286028767 -1.65094445002 0.333893359811 1.37249156936
13.130504403522819 -0.0597650141295 -1.62216792025 0.388299390744 1.3441490849
13.170536429143315 -0.12396206713 -1.58346765317 0.4413929304 1.3069276298
13.210568454763811 -0.186412480058 -1.5349173149 0.492819759616 1.26089087186
13.250600480384307 -0.246723895218 -1.47662360895 0.54222878556 1.20613739319
13.290632506004805 -0.304509214025 -1.40874089169 0.589273847827 1.14281319851
13.3306645316253 -0.359388482062 -1.33148293777 0.633615555429 1.07112103842
13.370696557245797 -0.410991938765 -1.2451399368 0.674924159351 0.991334482641
13.410728582866293 -0.458963266884 -1.15009078574 0.712882529546 0.903807567805
13.450760608486789 -0.502963144258 -1.04681237381 0.747189334912 0.808981677678
13.490792634107287 -0.542673420255 -0.935888529854 0.777562747883 0.707392397087
13.530824659727783 -0.577801651238 -0.818014758259 0.803744423164 0.599672704806
13.570856685348279 -0.608085334332 -0.693997944852 0.825503171615 0.486551932759
13.610888710968775 -0.633296468813 -0.564751476439 0.84263889339 0.368850843592
13.65092073658927 -0.65324558807 -0.431285427181 0.854986027205 0.247472656947
13.690952762209768 -0.667785322139 -0.294692038317 0.862416578515 0.123390191332
13.730984787830264 -0.676813512304 -0.156125964066 0.864842748002 -0.00237136268819
13.77101681345076 -0.680275030261 -0.016782748518 0.862218444744 -0.128752978268
13.811048839071256 -0.678163013626 0.122125688784 0.854540295865 -0.254682823201
13.851080864691754 -0.670519008057 0.259396440997 0.841847720517 -0.379097934776
13.89111289031225 -0.657432144491 0.393859822857 0.824222182431 -0.500964839181
13.931144915932746 -0.639037305013 0.524403638908 0.80178557799 -0.619300198649
13.971176941553242 -0.615512405153 0.64999224616 0.774697876805 -0.733187036021
14.011208967173738 -0.587075021889 0.76968273636 0.743154202695 -0.841788544025
14.051240992794236 -0.553978416363 0.882636508353 0.707381396912 -0.944358022457
14.091273018414732 -0.516507214277 0.988125593112 0.667634285375 -1.04024441936
14.131305044035228 -0.474972941792 1.08553470436 0.624191816174 -1.1288942907
14.171337069655724 -0.429709590959 1.17435865385 0.577353211881 -1.20984987833
14.21136909527622 -0.381069134014 1.2541929483 0.527434064311 -1.28274147262
14.251401120896718 -0.329418014243 1.3247268011 0.474763247906 -1.34728177741
14.291433146517214 -0.275133418354 1.38572907817 0.419679633127 -1.40325433729
14.33146517213771 -0.218600380053 1.43703505178 0.362529492582 -1.45050261072
14.371497197758206 -0.160209477087 1.47853283442 0.303664398474 -1.48891873421
14.411529223378704 -0.100354914628 1.51014978105 0.243439437793 -1.51843220525
14.4515612489992 -0.039433220225 1.5318406493 0.182211937993 -1.53899997983
14.491593274619696 0.0221576520263 1.54357844525 0.120340538984 -1.55059876109
14.531625300240192 0.0840189009915 1.54534713758 0.058184529569 -1.55321878759
14.571657325860688 0.145751258738 1.53713812213 -0.00389664120536 -1.54686069782
14.611689351481186 0.206955237024 1.51894952389 -0.0655437335533 -1.53153470576
14.651721377101682 0.267231456665 1.49078909072 -0.126398144391 -1.50726272787
14.691753402722178 0.326181131535 1.45267992261 -0.186102452617 -1.47408283694
14.731785428342674 0.383406843738 1.40466929846 -0.244301192838 -1.43205626328
14.77181745396317 0.438513733068 1.34684010902 -0.300641958982 -1.38127654536
14.811849479583667 0.491111184656 1.27932396148 -0.354776908022 -1.32188006722
14.851881505204164 0.54081505997 1.20231511375 -0.40636470176 -1.25405729592
14.89191353082466 0.587250486729 1.11608448719 -0.455072899878 -1.17806410705
14.931945556445156 0.630055194872 1.02099287506 -0.500580794447 -1.09423247843
14.971977582065653 0.668883348679 0.917502303628 -0.542582646301 -1.00297970013
15.01200960768615 0.703409781166 0.806184508668 -0.58079124772 -0.904815251419
15.052041633306645 0.73333449621 0.687725676488 -0.614941702412 -0.800344645299
15.092073658927141 0.758387270832 0.562926918673 -0.644795286541 -0.690269803285
15.132105684547637 0.778332185479 0.432699260116 -0.670143250405 -0.575384953993
15.172137710168135 0.792971862616 0.298053685796 -0.690810381448 -0.456568487736
15.212169735788631 0.802151150345 0.160087258238 -0.706658113297 -0.334771579245
15.252201761409127 0.805760243239 0.0199641814905 -0.717587172737 -0.211002648761
15.292233787029623 0.803736861166 -0.121107290188 -0.723539452785 -0.0863083724937
15.33226581265012 0.796067596101 -0.261899115498 -0.724499200616 0.0382463306774
15.372297838270617 0.7827881625 -0.401189388974 -0.720493299821 0.161599757785
15.412329863891113 0.763982646813 -0.537788042012 -0.711590722319 0.282714789115
15.452361889511609 0.739781717369 -0.67056056316 -0.697901113276 0.400598742344
15.492393915132105 0.710359994979 -0.798448856018 -0.679572670382 0.51432098176
15.532425940752603 0.675932667114 -0.920488299106 -0.656789380727 0.62302751422
15.572457966373099 0.636751450517 -1.03581985601 -0.629767695783 0.725951625402
15.612489991993595 0.593100196161 -1.14369723879 -0.598752884274 0.822420528133
15.652522017614091 0.545290325599 -1.24348909309 -0.564015215168 0.911857974722
15.692554043234587 0.493656274307 -1.33467632986 -0.525846112276 0.99378291179
15.732586068855085 0.438551120041 -1.41684530383 -0.48455442692 1.06780472226
15.77261809447558 0.380342565324 -1.48967757604 -0.440462967858 1.13361563011
15.812650120096077 0.319409377657 -1.55293745093 -0.393905376644 1.19098121443
15.852682145716573 0.256138231872 -1.60645800232 -0.345223309092 1.2397296237
15.89271417133707 0.190921487847 -1.65012623282 -0.294764344278 1.27973992134
15.932746196957567 0.124155081194 -1.68386967637 -0.242879988114 1.31093156168
15.972778222578063 0.0562372604064 -1.70764314638 -0.189924338561 1.33325381594
16.01281024819856 -0.0124322121399 -1.72141920598 -0.136253129386 1.34667809094
16.052842273819056 -0.081452809147 -1.72517938971 -0.0822228138607 1.35119081914
16.09287429943955 -0.15042323424 -1.71891133005 -0.0281902431827 1.3467910813
16.13290632506005 -0.218941857693 -1.70260615381 0.0254879503416 1.33348776396
16.172938350680546 -0.286606802304 -1.67626122533 0.0784557155196 1.31130180556
16.21297037630104 -0.353016297902 -1.63988571353 0.130358147149 1.28027021862
16.253002401921538 -0.417769240444 -1.59350819583 0.18084213115 1.24045146485
16.293034427542032 -0.480466391432 -1.53719084592 0.229557690644 1.19193683892
16.33306645316253 -0.540711780597 -1.47103971197 0.276159164898 1.13485750509
16.373098478783028 -0.598114850335 -1.39522092655 0.320307194067 1.06939717048
16.413130504403522 -0.652293115447 -1.30997469176 0.361670969502 0.995802478199
16.45316253002402 -0.702875436872 -1.21562996384 0.399931006564 0.914394151684
16.493194555644514 -0.74950587214 -1.11261688247 0.434782333062 0.825576249951
16.533226581265012 -0.791847679238 -1.00147639454 0.465937772015 0.72984322209
16.57325860688551 -0.829588307292 -0.882867108057 0.493131995116 0.627784678244
16.613290632506004 -0.862444206023 -0.757567910636 0.516125405713 0.520086864738
16.653322658126502 -0.890164861824 -0.626470930506 0.534707344128 0.407526640518
16.693354683746996 -0.912537929431 -0.490577388873 0.548700219197 0.290967523904
16.733386709367494 -0.929393002511 -0.350981586095 0.557962470245 0.171346590608
16.77341873498799 -0.940605075231 -0.208853444064 0.562391303645 0.0496602103209
16.813450760608486 -0.946097144756 -0.0654160504651 0.561924719557 -0.0730541013373
16.853482786228984 -0.945841760646 0.0780796008463 0.556542694308 -0.195737963695
16.893514811849478 -0.939861711193 0.22038080939 0.546267671259 -0.317333105413
16.933546837469976 -0.92822950836 0.360260037644 0.531164090436 -0.436802786523
16.973578863090474 -0.91106588055 0.496540133647 0.51133712899 -0.553151863801
17.013610888710968 -0.888537258249 0.628116784205 0.4869306411 -0.665444609875
17.053642914331466 -0.860852565847 0.753977709373 0.458124547886 -0.772819921793
17.09367493995196 -0.828259126062 0.873216427937 0.425131524532 -0.874502198167
17.133706965572458 -0.791038276388 0.985041425266 0.388193460854 -0.969808573574
17.173738991192955 -0.749500665376 1.088779977 0.347577668902 -1.05815192336
17.21377101681345 -0.703981505994 1.18387698776 0.303573057477 -1.13903993896
17.253803042433947 -0.654835965894 1.26988936473 0.256486414659 -1.21207069624
17.293835068054445 -0.602434879182 1.34647657854 0.206638943011 -1.27692524511
17.33386709367494 -0.547160778569 1.41338913764 0.154363046018 -1.33335858245
17.373899119295437 -0.489404677799 1.47045364674 0.0999997014475 -1.38118800288
17.41393114491593 -0.42956322688 1.51755848429 0.04389612354 -1.42028197191
17.45396317053643 -0.368036558903 1.55464000451 -0.0135960379026 -1.45054948473
17.493995196156927 -0.305226593749 1.58166926699 -0.0721221495287 -1.47192991758
17.53402722177742 -0.241535913318 1.59864032528 -0.131325609167 -1.48438418691
17.57405924739792 -0.177367052734 1.60556167232 -0.190848550085 -1.48788847712
17.614091273018413 -0.113121990773 1.60245046665 -0.250332410166 -1.48243021222
17.65412329863891 -0.0492018999567 1.58932997805 -0.309418316429 -1.46800666867
17.69415532425941 0.0139930683509 1.56623050062 -0.367747467821 -1.44462637604
17.734187349879903 0.0760642460104 1.53319358913 -0.424961746352 -1.41231316811
17.7742193755004 0.136614945734 1.49027922289 -0.480704379169 -1.37111259132
17.814251401120895 0.19525141042 1.43757569521 -0.534620990102 -1.32110045615
17.854283426741393 0.251584172006 1.375211564 -0.586361003321 -1.26239299206
17.89431545236189 0.305229940484 1.30336907448 -0.635579494573 -1.19515810313
17.934347477982385 0.355814028124 1.2222979867 -0.681939488287 -1.1196268471
17.974379503602883 0.402973322712 1.13232900798 -0.725114708326 -1.03610446854
18.014411529223377 0.446359794959 1.03388571131 -0.764792764554 -0.944980055101
18.054443554843875 0.485644374797 0.927494388557 -0.800678635553 -0.846734385785
18.094475580464373 0.520521200909 0.813790204763 -0.83249844405 -0.741944595017
18.134507606084867 0.550712091329 0.693520041765 -0.860003399483 -0.631285998161
18.174539631705365 0.575970977554 0.567539258721 -0.88297367968 -0.515528771175
18.21457165732586 0.596088094179 0.436805193306 -0.901222092628 -0.395531890943
18.254603682946357 0.610893829355 0.302363936963 -0.914597418119 -0.272231391533
18.294635708566855 0.6202619678 0.165335226157 -0.922987227277 -0.146627064267
18.33466773418735 0.624112263081 0.02689098401 -0.926320101609 -0.0197638121342
18.374699759807847 0.622412067067 -0.111767503952 -0.924567043026 0.107288125889
18.414731785428344 0.615176936472 -0.249434629031 -0.917741995691 0.233454811215
18.45476381104884 0.602470382619 -0.384925283527 -0.905901628664 0.357680054243
18.494795836669336 0.584402549414 -0.517098851821 -0.889144191847 0.47894616604
18.53482786228983 0.561127982934 -0.644880754993 -0.867607585025 0.596292658239
18.57485988791033 0.532842613321 -0.767280488729 -0.8414667412 0.708832000016
18.614891913530826 0.499780169456 -0.883405245137 -0.810930511561 0.815761658091
18.65492393915132 0.462207886677 -0.992469658798 -0.776237925297 0.916372911722
18.694955964771818 0.420422294622 -1.09379895285 -0.737654502119 1.01005404703
18.734987990392312 0.374744709571 -1.18682871348 -0.695468287932 1.0962907369
18.77502001601281 0.325516908742 -1.27109983567 -0.649986023482 1.17466230083
18.815052041633308 0.273097097341 -1.34624986564 -0.601529539369 1.24483487656
18.855084067253802 0.21785615913 -1.41200257728 -0.550432378138 1.3065530509
18.8951160928743 0.160174623352 -1.46815298467 -0.49703698946 1.3596275136
18.935148118494794 0.100439980186 -1.51455533165 -0.441692230017 1.4039251627
18.975180144115292 0.0390446254653 -1.55110866214 -0.38475137354 1.43935703091
19.01521216973579 -0.0236157180914 -1.57774461209 -0.326570526332 1.46586795971
19.055244195356284 -0.087143048514 -1.59441660316 -0.267507493079 1.48342732748
19.095276220976782 -0.151137790691 -1.60109148563 -0.207920939468 1.49202170385
19.135308246597276 -0.215199208976 -1.59774426531 -0.148169817491 1.49164996284
19.175340272217774 -0.278925704704 -1.58435614283 -0.0886129097558 1.482321062
19.21537229783827 -0.341915049237 -1.56091568411 -0.0296084502523 1.4640543384
19.255404323458766 -0.403764804988 -1.5274235696 0.0284863800206 1.43688271114
19.295436349079264 -0.46407292151 -1.48390023881 0.0853160736801 1.40085823
19.33546837469976 -0.522438711699 -1.43039614463 0.140527702252 1.35605976504
19.375500400320256 -0.578464319373 -1.3670045939 0.193772191611 1.30260282319
19.415532425940754 -0.631756723636 -1.29387574368 0.2447060115 1.24065034497
19.455564451561248 -0.681930293803 -1.21123113265 0.292993291232 1.17042398957
19.495596477181746 -0.728609933601 -1.11937792291 0.338308393864 1.09221525303
19.535628502802243 -0.771434771544 -1.01872175588 0.380338917629 1.00639554371
19.575660528422738 -0.810062321276 -0.909777228949 0.418789066298 0.913424420539
19.615692554043235 -0.844173011354 -0.793174831471 0.453383310556 0.813855066775
19.65572457966373 -0.873474882584 -0.669663752704 0.483870182014 0.708336519153
19.695756605284227 -0.897708315257 -0.540109900506 0.510026091361 0.597612121138
19.735788630904725 -0.916650576528 -0.405488715095 0.531659005078 0.482513857271
19.77582065652522 -0.930119989779 -0.26687292998 0.548611823642 0.363952675576
19.815852682145717 -0.937979517227 -0.125415344334 0.560765295313 0.242904835116
19.85588470776621 -0.940139463663 0.0176731122709 0.568040232736 0.120394481157
19.89591673338671 -0.936559389828 0.161147000454 0.570399100322 -0.00252515772695
19.935948759007207 -0.927248971731 0.303753002813 0.567846761859 -0.124793023842
19.9759807846277 -0.912267769632 0.444256532799 0.560430357129 -0.245361530365
20.0160128102482 -0.891723961053 0.581467531806 0.548238347181 -0.363217296138
20.056044835868693 -0.865772075777 0.714263772777 0.5313987556 -0.477399974164
20.09607686148919 -0.834609875503 0.841610651874 0.510076716223 -0.587018368819
20.13610888710969 -0.79847453587 0.962576455955 0.484471449091 -0.691263027441
20.176140912730183 -0.757638257595 1.07634281242 0.454812764058 -0.789415069141
20.21617293835068 -0.712403649457 1.18220967052 0.421357359861 -0.880850711968
20.256204963971175 -0.66309898654 1.27959489024 0.384385000215 -0.965041553069
20.296236989591673 -0.610073556708 1.36803005083 0.344194737214 -1.04155186163
20.33626901521217 -0.553693261278 1.44715153803 0.301101310343 -1.11003212448
20.376301040832665 -0.494336652366 1.51668884411 0.255431867791 -1.17021036533
20.416333066453163 -0.43239146223 1.57645102622 0.207523054155 -1.22188198609
20.45636509207366 -0.368251724657 1.62631173954 0.157718545131 -1.26489843884
20.496397117694155 -0.302315497204 1.66619456836 0.106367037873 -1.2991560999
20.536429143314653 -0.234983114104 1.69605925424 0.0538206429588 -1.32458582256
20.576461168935147 -0.166656008679 1.71588958257 0.000433709136315 -1.3411437605
20.616493194555645 -0.097735952462 1.72568382419 -0.0534380376644 -1.34880418181
20.656525220176142 -0.0286246039462 1.72544793339 -0.107438124463 -1.34755443033
20.696557245796637 0.0402767024163 1.715192156 -0.16120978467 -1.33739254948
20.736589271417134 0.108567120964 1.6949310467 -0.214396386432 -1.31832756905
20.77662129703763 0.175846529379 1.66468677296 -0.266641926259 -1.29038234986
20.816653322658127 0.241715950706 1.62449584471 -0.317591679362 -1.25359909218
20.856685348278624 0.305778308478 1.57441853384 -0.366893119742 -1.20804691148
20.89671737389912 0.367639611454 1.51455080124 -0.414197183733 -1.15383133294
20.936749399519616 0.426910647168 1.44503783622 -0.459159936912 -1.09110497628
20.97678142514011 0.483209240585 1.36608843558 -0.501444685033 -1.02007881002
21.01681345076061 0.536163091076 1.2779893537 -0.54072453562 -0.941033274519
21.056845476381106 0.585413157532 1.18111855928 -0.576685381658 -0.854328423344
21.0968775020016 0.630617546398 1.07595641996 -0.609029266735 -0.760412298515
21.136909527622098 0.671455786665 0.963093827278 -0.637478034838 -0.659826758704
21.176941553242592 0.707633351077 0.843236355267 -0.661777148168 -0.553210045819
21.21697357886309 0.738886251853 0.717203906592 -0.681699533078 -0.441295669663
21.257005604483588 0.764985524119 0.585925920449 -0.697049305666 -0.324907698891
21.297037630104082 0.785741475999 0.450429385622 -0.707665260057 -0.2049502276
21.33706965572458 0.80100719506 0.311824989467 -0.713423745241 -0.0823954067537
21.377101681345078 0.810681592768 0.171286894883 -0.714241122306 0.0417336510862
21.417133706965572 0.814711505354 0.0300297946553 -0.710075435651 0.166382081896
21.45716573258607 0.813092731352 -0.11071587138 -0.700927199747 0.290483871019
21.497197758206564 0.805870257552 -0.249730356366 -0.686839507626 0.412983728002
21.537229783827062 0.79313723601 -0.385829683244 -0.667897113256 0.532857741814
21.57726180944756 0.77503311415 -0.517889242301 -0.644224814723 0.649132764195
21.617293835068054 0.75174082203 -0.644864078505 -0.615985064753 0.76090302997
21.65732586068855 0.723483253143 -0.765805127529 -0.583375003057 0.867343432321
21.697357886309046 0.69051918122 -0.879870694632 -0.546623027712 0.967718892534
21.737389911929544 0.653138766255 -0.986333076904 -0.505985031278 1.06138975398
21.77742193755004 0.611659039552 -1.08457955592 -0.461740621126 1.1478126019
21.817453963170536 0.566419278739 -1.17410965215 -0.414189247612 1.22653803029
21.857485988791034 0.517776683361 -1.25452759107 -0.363646578251 1.29720453553
21.897518014411528 0.466102356935 -1.32553205207 -0.310441119475 1.35953021159
21.937550040032026 0.411777781268 -1.38690348627 -0.25491123639 1.41330249711
21.977582065652523 0.355191824543 -1.43849011433 -0.197402604473 1.4583668708
22.017614091273018 0.296738317879 -1.48019379579 -0.138266119428 1.49461546979
22.057646116893515 0.236814166165 -1.51195657118 -0.0778562365606 1.52197628571
22.09767814251401 0.175817995423 -1.5337486424 -0.0165297402294 1.54040355876
22.137710168134507 0.114149231531 -1.54555862419 0.0453551432712 1.54987004833
22.177742193755005 0.0522075079987 -1.54738646411 0.107439373585 1.55036150145
22.2177742193755 -0.00960769630928 -1.53923945889 0.16936354692 1.54187366491
22.257806244995997 -0.0708973221672 -1.52113161715 0.230768278004 1.52441204137
22.29783827061649 -0.131263045468 -1.49308632572 0.291294634509 1.49799434939
22.33787029623699 -0.190307759432 -1.45514203556 0.350584718816 1.46265544802
22.377902321857487 -0.24763633696 -1.40736109738 0.408282489984 1.41845482674
22.41793434747798 -0.302856806081 -1.34984069891 0.464034933421 1.36548579501
22.45796637309848 -0.3555819941 -1.2827256836 0.51749362337 1.30388618124
22.497998398718977 -0.405431708698 -1.20622227054 0.568316732318 1.23384973103
22.53803042433947 -0.452035472959 -1.12061185156 0.616171499613 1.15563751929
22.57806244995997 -0.495035796174 -1.02626389359 0.660737142255 1.06958857203
22.618094475580463 -0.534091930036 -0.923646933553 0.701708164065 0.976128857914
22.65812650120096 -0.568884015827 -0.813336571821 0.738797982796 0.875777743029
22.69815852682146 -0.599117437581 -0.696020413466 0.771742721604 0.769151877551
22.738190552441953 -0.624527368805 -0.572497886402 0.800305150085 0.656964779477
22.77822257806245 -0.644883149685 -0.443675274362 0.824278473126 0.54002240953
22.818254603682945 -0.65999241752 -0.310556707049 0.843489904416 0.419215354528
22.858286629303443 -0.669704680963 -0.174228400994 0.857803758853 0.295505346826
22.89831865492394 -0.673914308329 -0.0358414618247 0.867124048508 0.169910564618
22.938350680544435 -0.672562709653 0.103410931988 0.871396386408 0.0434862005347
22.978382706164933 -0.665639415947 0.242317892234 0.870608953467 -0.082696312928
23.018414731785427 -0.653182428417 0.379675693528 0.86479284081 -0.20757054966
23.058446757405925 -0.635277357365 0.51431288564 0.854021358061 -0.330096606305
23.098478783026422 -0.612055674908 0.645113341187 0.838408579563 -0.449280959206
23.138510808646917 -0.583692055012 0.771036266524 0.818107101356 -0.564193852861
23.178542834267414 -0.550401117757 0.891132917415 0.793305277174 -0.673983984154
23.21857485988791 -0.512433379414 1.00455782475 0.764223754002 -0.777888665418
23.258606885508406 -0.470071016052 1.110575582 0.731111824286 -0.875240293795
23.298638911128904 -0.423623401949 1.20856265256 0.694243556972 -0.965468668104
23.3386709367494 -0.373422674672 1.29800454297 0.653913918846 -1.04809941473
23.378702962369896 -0.319819493622 1.37848895306 0.610435026871 -1.12274900514
23.41873498799039 -0.263179155405 1.44969561536 0.564132669627 -1.18911692986
23.45876701361089 -0.20387807836 1.5113841811 0.515343116615 -1.24697616063
23.498799039231386 -0.142300988008 1.56338011044 0.464410483481 -1.29616178426
23.53883106485188 -0.0788385245659 1.60556013311 0.411684438733 -1.33655917397
23.578863090472378 -0.0138854445994 1.63784007173 0.357518408677 -1.36809397956
23.618895116092876 0.0521607152599 1.66016237113 0.302268151245 -1.39072169276
23.65892714171337 0.118900477981 1.67248606075 0.246290751473 -1.40441909664
23.698959167333868 0.185932914454 1.67477997121 0.189943922951 -1.40917825837
23.738991192954362 0.25285600165 1.66701872054 0.133585435626 -1.40500265959
23.77902321857486 0.319266784915 1.64918209978 0.077572728113 -1.39190601706
23.819055244195358 0.384761618115 1.62125795987 0.0222624852887 -1.36991388504
23.859087269815852 0.448936679579 1.58324845772 -0.031989974775 -1.339067919
23.89911929543635 0.511388654015 1.53517911466 -0.0848314184866 -1.29943238007
23.939151321056844 0.57171590255 1.4771105041 -0.135911774692 -1.25110275153
23.979183346677342 0.629520128701 1.40915182126 -0.184885580745 -1.19421587483
24.01921537229784 0.684408628915 1.33147564402 -0.231413866683 -1.12896106498
24.059247397918334 0.735997126693 1.24433281119 -0.275166480274 -1.05559135945
24.09927942353883 0.783913190965 1.14806651349 -0.31582485416 -0.974434191409
24.139311449159326 0.82780023493 1.04312422743 -0.353085212441 -0.885900415337
24.179343474779824 0.867321729439 0.930068002507 -0.386661939049 -0.790492061779
24.21937550040032 0.902166096407 0.809578687829 -0.416291457159 -0.688805410705
24.259407526020816 0.932051390254 0.682459147843 -0.441735944756 -0.581533269631
24.299439551641314 0.956730236999 0.549626706173 -0.462787230098 -0.469458889616
24.339471577261808 0.975994107451 0.412106580064 -0.479270174962 -0.353450628915
24.379503602882306 0.989677428691 0.271016275478 -0.491045912412 -0.234449603471
24.419535628502803 0.997660906654 0.127546390647 -0.498014465674 -0.113454532952
24.459567654123298 0.999874053692 -0.017062127282 -0.500116740934 0.00849617987847
24.499599679743795 0.996296515598 -0.161544618025 -0.497335573581 0.130345404664
24.539631705364293 0.986958664113 -0.304638720893 -0.489696197363 0.251037752066
24.579663730984787 0.971940894047 -0.445111809613 -0.477265694218 0.369541155462
24.619695756605285 0.951371925359 -0.581786159359 -0.460151660952 0.484866690075
24.65972778222578 0.9254261414 -0.713561333106 -0.438500116376 0.596086229197
24.699759807846277 0.89432012609 -0.839432624563 -0.412492775804 0.702347032688
24.739791833466775 0.858308562398 -0.958504789592 -0.382343819285 0.802882670543
24.77982385908727 0.817679557848 -1.06999988708 -0.348296202823 0.897019363659
24.819855884707767 0.772749996788 -1.17326082238 -0.310617983213 0.984178981085
24.85988791032826 0.723860673315 -1.26774927294 -0.269598460678 1.06387767337
24.89991993594876 0.671371657785 -1.35303927228 -0.225544494327 1.13572113766
24.939951961569257 0.615657982453 -1.428807194 -0.178777054417 1.19939709223
24.97998398718975 0.557105794649 -1.49481904325 -0.129628127785 1.25466567714
25.02001601281025 0.49610906513 -1.5509162388 -0.0784380431085 1.30134870834
25.060048038430743 0.433066843687 -1.59700020293 -0.0255532087646 1.33931803402
25.10008006405124 0.368381134008 -1.63301837742 0.0286756811456 1.36848504335
25.14011208967174 0.302455388948 -1.65895070892 0.0838949779629 1.38879059185
25.180144115292233 0.235693403555 -1.6747984238 0.139749115344 1.40019675866
25.22017614091273 0.168498637723 -1.68057535713 0.195881333333 1.40268064028
25.260208166533225 0.101273841907 -1.6763024982 0.251934191964 1.39623071167
25.300240192153723 0.0344208302702 -1.66200579895 0.30754998599 1.38084575291
25.34027221777422 -0.0316597433104 -1.63771740743 0.362371206073 1.35653653587
25.380304243394715 -0.0965687045136 -1.60348026401 0.416041072817 1.32333007799
25.420336269015213 -0.159908909954 -1.55935543419 0.468204296236 1.28127602269
25.460368294635707 -0.221286300594 -1.50543358355 0.518508271905 1.23045658075
25.500400320256205 -0.280311064826 -1.44184510436 0.56660433972 1.17099446074
25.540432345876702 -0.336599790387 -1.36877589437 0.61214989923 1.10306625504
25.580464371497197 -0.389777727669 -1.28647984871 0.654810567745 1.02691231227
25.620496397117694 -0.43948201606 -1.19529413124 0.69426317304 0.942849158963
25.660528422738192 -0.485365047295 -1.09564942747 0.730198788783 0.851277229676
25.700560448358686 -0.527098527398 -0.988080545131 0.762326359256 0.752689144082
25.740592473979184 -0.564377725455 -0.873232232757 0.79037643767 0.647673782307
25.78062449959968 -0.596925916957 -0.751861495437 0.814105060658 0.53691741187
25.820656525220176 -0.624499167076 -0.62483498927 0.83329788256 0.421200631544
25.860688550840674 -0.646890083539 -0.493120632884 0.847773382745 0.301390657029
25.90072057646117 -0.663931875578 -0.357775504488 0.857386334176 0.178430406128
25.940752602081666 -0.675501586001 -0.219928746438 0.862030536874 0.0533235146912
25.98078462770216 -0.68152258672 -0.0807607639894 0.861640910236 -0.0728836728237
26.020816653322658 -0.681966090854 0.0585206844512 0.856194738541 -0.19912262978
26.060848678943156 -0.67685182382 0.196705138094 0.845712196983 -0.324323734504
26.10088070456365 -0.666247586999 0.33260486258 0.830255930842 -0.447437929522
26.140912730184148 -0.650267869876 0.465078793143 0.809929825653 -0.56745708881
26.180944755804642 -0.629071547855 0.593054069247 0.7848769997 -0.683432327822
26.22097678142514 -0.602858779686 0.715544011501 0.755277115672 -0.794489309282
26.261008807045638 -0.57186725992 0.831661672179 0.72134314231 -0.899839829169
26.301040832666132 -0.536368036976 0.940628596083 0.683317742948 -0.998789388294
26.34107285828663 -0.496661078841 1.04177862704 0.641469443323 -1.09074061589
26.381104883907124 -0.453070791857 1.13455675571 0.59608875014 -1.17519254168
26.421136909527622 -0.405941639471 1.21851451471 0.547484345761 -1.25173697479
26.46116893514812 -0.355634067828 1.29330126797 0.495979529043 -1.32005143488
26.501200960768614 -0.302520735117 1.35865044902 0.441908897884 -1.37988784131
26.54123298638911 -0.246983559679 1.41436968343 0.385615719109 -1.43106441643
26.58126501200961 -0.189410907656 1.46032496497 0.327449400045 -1.47345258161
26.621297037630104 -0.13019553325 1.49642748355 0.267763589299 -1.50696602677
26.6613290632506 -0.0697330826988 1.52262144512 0.206914746491 -1.53155056174
26.701361088871096 -0.00842094954042 1.53887294384 0.145261003817 -1.54717478558
26.741393114491594 0.0533423864116 1.54516173862 0.0831614342074 -1.55382312266
26.78142514011209 0.115157865215 1.54147661838 0.0209754576146 -1.55149180748
26.821457165732586 0.176626090271 1.52781274229 -0.0409375319466 -1.54018645857
26.861489191353083 0.237347629716 1.50417327665 -0.102218574267 -1.51992318536
26.901521216973578 0.296923410853 1.47057380445 -0.162509619228 -1.49073196869
26.941553242594075 0.354955346632 1.42704970331 -0.221454184184 -1.45266248095
26.981585268214573 0.411047322995 1.37366646602 -0.278698297357 -1.4057923289
27.021617293835067 0.464806651484 1.31053218126 -0.333891813986 -1.35023708189
27.061649319455565 0.515846050168 1.23781120943 -0.386690158232 -1.28616129747
27.10168134507606 0.56378617928 1.1557382454 -0.43675651314 -1.21378988496
27.141713370696557 0.60825873223 1.06463198948 -0.483764459661 -1.13341917226
27.181745396317055 0.648910049749 0.964907465977 -0.527401039227 -1.04542689166
27.22177742193755 0.685405183817 0.857085920625 -0.567370181078 -0.950280210388
27.261809447558047 0.717432294906 0.741801358261 -0.60339640018 -0.848541035288
27.30184147317854 0.744707228808 0.619802891681 -0.635228640782 -0.740867910912
27.34187349879904 0.766978090559 0.491952714322 -0.662644116977 -0.628014349248
27.381905524419537 0.78402966886 0.359217724982 -0.685452030247 -0.510821972744
27.42193755004003 0.795687362781 0.222657731497 -0.703496879914 -0.390210842275
27.46196957566053 0.801820580117 0.0834088304381 -0.716661339998 -0.267165815571
27.502001601281023 0.8023453641 -0.057338183923 -0.724868501714 -0.142718796446
27.54203362690152 0.797226124726 -0.198361540714 -0.728083379143 -0.0179291821957
27.58206565252202 0.786476392323 -0.338433791856 -0.726313607787 0.106137059828
27.622097678142513 0.770158519717 -0.476347833968 -0.719609272017 0.228428995561
27.66212970376301 0.748382349203 -0.610941702675 -0.708061870883 0.347931423134
27.70216172938351 0.721302948315 -0.741120767923 -0.691802503444 0.463683547367
27.742193755004003 0.689117545287 -0.865876603207 -0.67099937734 0.57479502715
27.7822257806245 0.652061792009 -0.984301527738 -0.645854741138 0.680458569394
27.822257806244995 0.610405479506 -1.09559793262 -0.616601337785 0.779958333239
27.862289831865493 0.564448030052 -1.1990826415 -0.583498644468 0.872674313437
27.90232185748599 0.514513928499 -1.29418635292 -0.546829029272 0.958082719957
27.942353883106485 0.46094824847 -1.38044881418 -0.506893953312 1.03575286133
27.982385908726982 0.404112457397 -1.45750984007 -0.464010365419 1.10534059684
28.022417934347477 0.344380611835 -1.52509793102 -0.418507389303 1.16657976975
28.062449959967974 0.282136120727 -1.5830163426 -0.370723440461 1.21927146273
28.102481985588472 0.21776895863 -1.63112936729 -0.321003697216 1.26327334791
28.142514011208966 0.151673517497 -1.66934742851 -0.269698064565 1.2984879497
28.182546036829464 0.0842471898722 -1.69761409191 -0.217159719068 1.32485230274
28.22257806244996 0.0158890055754 -1.71589434138 -0.163743700266 1.34232861547
28.262610088070456 -0.0530007090956 -1.7241663987 -0.109806318197 1.35089756089
28.302642113690954 -0.122020988071 -1.72241504834 -0.0557043114643 1.35055277777
28.34267413931145 -0.190770341883 -1.71062920004 -0.00179446436102 1.34129862508
28.382706164931946 -0.258846918131 -1.68880256208 0.0515668285293 1.32315055567
28.42273819055244 -0.325848779866 -1.65693762822 0.104024058976 1.29613766465
28.462770216172938 -0.391374384265 -1.61505315543 0.155223247273 1.26030836823
28.502802241793436 -0.455023462037 -1.56319457752 0.204812892689 1.21573818081
28.54283426741393 -0.516398242998 -1.50144564017 0.2524451554 1.16253850436
28.582866293034428 -0.575105323743 -1.42994322846 0.297777568049 1.10086784818
28.622898318654922 -0.630758096749 -1.34889209139 0.340475143451 1.03094297857
28.66293034427542 -0.682979761358 -1.25857949438 0.380212928948 0.953049975403
28.702962369895918 -0.731406895174 -1.15938858773 0.416678981456 0.867554248237
28.742994395516412 -0.77569352303 -1.0518095823 0.449577714076 0.774908798916
28.78302642113691 -0.815515571995 -0.9364476984 0.478633524731 0.675659921437
28.823058446757408 -0.850575566091 -0.814027024881 0.503594590848 0.570449667361
28.863090472377902 -0.880607370475 -0.685389644382 0.52423667979 0.460014581166
28.9031224979984 -0.905380821393 -0.551489646818 0.540366846839 0.345180415885
28.943154523618894 -0.924705939297 -0.413382170205 0.551826782085 0.226852964904
28.98318654923939 -0.938436977079 -0.272205678191 0.558496006892 0.106003548682
29.02321857485989 -0.946474948053 -0.129162847701 0.560293850814 -0.0163464534946
29.063250600480384 -0.948769943491 0.0145043421877 0.557181247394 -0.139145661793
29.10328262610088 -0.945322102438 0.157540156821 0.549161453179 -0.26133315154
29.143314651721376 -0.936181657512 0.298702051082 0.536280026312 -0.381859961458
29.183346677341873 -0.921447864057 0.436786816196 0.518623915228 -0.499709903632
29.22337870296237 -0.901267024491 0.570653846353 0.49631983 -0.613918039083
29.263410728582866 -0.875829398006 0.699247638459 0.469531722899 -0.723588511754
29.303442754203363 -0.845365578693 0.821612062648 0.43845785799 -0.82790582828
29.343474779823858 -0.810142234224 0.936902752023 0.403327367839 -0.926144644421
29.383506805444355 -0.770457480789 1.04439311037 0.364396526049 -1.01767449388
29.423538831064853 -0.726636147931 1.14347507618 0.321944933136 -1.10196038468
29.463570856685347 -0.679025076919 1.23365682808 0.276271728762 -1.1785609877
29.503602882305845 -0.627988609102 1.31455267723 0.227691953864 -1.24712069462
29.54363490792634 -0.573904537989 1.38587336411 0.176533276139 -1.30736202134
29.583666933546837 -0.517160565932 1.44741281875 0.123133110786 -1.35907526931
29.623698959167335 -0.458151206932 1.49903396614 0.0678360869954 -1.40210749057
29.66373098478783 -0.397275323279 1.54065367045 0.0109920082565 -1.43635083843
29.703763010408327 -0.334934275699 1.57222894905 -0.0470457139846 -1.46173198877
29.743795036028825 -0.271530533916 1.59374491721 -0.105921279646 -1.47820298943
29.78382706164932 -0.207466771909 1.60520471142 -0.165277349276 -1.48573376118
29.823859087269817 -0.143145334201 1.6066221546 -0.224755620777 -1.48430682811
29.86389111289031 -0.0789678175311 1.59801817259 -0.283997343945 -1.47391509017
29.90392313851081 -0.0153348719013 1.57941989015 -0.342643678895 -1.4545617635
29.943955164131307 0.0473540585356 1.55086287355 -0.400336098381 -1.42626275839
29.9839871897518 0.108701282304 1.51239803118 -0.456717148482 -1.38905307801
30.0240192153723 0.168311554888 1.46409954385 -0.511431228273 -1.3429936454
30.064051240992793 0.225793259004 1.40607630956 -0.564125863013 -1.2881811464
30.10408326661329 0.280760055301 1.33848479364 -0.614453354152 -1.22475885581
30.14411529223379 0.332833025356 1.26154255772 -0.662072839798 -1.15292791741
30.184147317854283 0.38164341218 1.17554215844 -0.706652858148 -1.07295881608
30.22417934347478 0.426835934257 1.08086406805 -0.747874381955 -0.985201913177
30.264211369095275 0.468072516024 0.977987271334 -0.785434182666 -0.890095941953
30.304243394715773 0.505035955981 0.867496467687 -0.819048106646 -0.788173628027
30.34427542033627 0.537435330977 0.750089113488 -0.848455872361 -0.680066943714
30.384307445956765 0.565009495675 0.626571797738 -0.873424114115 -0.566503585154
30.424339471577262 0.587531761887 0.497856827065 -0.893750491451 -0.448303456067
30.464371497197757 0.604813927113 0.36495232349 -0.909267196228 -0.326369724299
30.504403522818254 0.616709871584 0.228947457622 -0.919844070818 -0.201675785605
30.544435548438752 0.623118317324 0.090992920445 -0.925390996391 -0.075248248739
30.584467574059246 0.623984975881 -0.0477201812882 -0.925859751058 0.0518514107309
30.624499599679744 0.619303615221 -0.185985094278 -0.921244927401 0.178548258368
30.66453162530024 0.60911621862 -0.32260431135 -0.911584068108 0.303775409055
30.704563650920736 0.593512107296 -0.456414274478 -0.896956905064 0.426495374535
30.744595676541234 0.572626122031 -0.586308098898 -0.877483785082 0.545719748663
30.78462770216173 0.546635923856 -0.711255219201 -0.853323330435 0.660526310604
30.824659727782226 0.515758672097 -0.830317541668 -0.824669555414 0.770073193909
30.864691753402724 0.480247014425 -0.94266032174 -0.791748376661 0.873608623009
30.904723779023218 0.440384831892 -1.04755857088 -0.754813896713 0.970476881186
30.944755804643716 0.396482801599 -1.14439849561 -0.714144510608 1.06012008174
30.98478783026421 0.348873986993 -1.23267438676 -0.670039013847 1.14207607982
31.024819855884708 0.297909641231 -1.31198157082 -0.622812869517 1.21597302329
31.064851881505206 0.243955365717 -1.38200617163 -0.572794755683 1.28152115144
31.1048839071257 0.187387713846 -1.44251281646 -0.520323473287 1.33850278395
31.144915932746198 0.128591261804 -1.49333145426 -0.465745237285 1.38676147388
31.184947958366692 0.0679564305057 -1.53434193173 -0.409411581385 1.4261891291
31.22497998398719 0.0058775877821 -1.56546306793 -0.351677517701 1.4567168512
31.265012009607688 -0.0572481958464 -1.58663967163 -0.29290022869 1.47830387555
31.305044035228182 -0.1210220156 -1.59783344174 -0.233438091059 1.49092966604
31.34507606084868 -0.185043651612 -1.59901647626 -0.173650006473 1.49458807055
31.385108086469174 -0.248911915051 -1.59016739867 -0.113894893665 1.48928354683
31.42514011208967 -0.312224865243 -1.57127130644 -0.0545313136567 1.4750304789
31.46517213771017 -0.374580141479 -1.54232279036 0.00408297563847 1.45185499268
31.505204163330664 -0.435575474149 -1.50333243563 0.0615915808526 1.4197995746
31.54523618895116 -0.494809497781 -1.45433599945 0.11764025633 1.37892988857
31.585268214571656 -0.551882961504 -1.39540605678 0.171877984485 1.32934361536
31.625300240192153 -0.60640046564 -1.32666546406 0.223958459538 1.27118080487
31.66533226581265 -0.657972787058 -1.24830188819 0.273542025291 1.20463514377
31.705364291433145 -0.706219751314 -1.16058226136 0.320298038796 1.12996522263
31.745396317053643 -0.75077368297 -1.0638663982 0.363907685479 1.04750519892
31.78542834267414 -0.791283363421 -0.958618688446 0.404067192368 0.957673985539
31.825460368294635 -0.82741842931 -0.845416545071 0.440491388124 0.860981913233
31.865492393915133 -0.858873972902 -0.724955337147 0.472917422899 0.758034633523
31.905524419535627 -0.88537525635 -0.598048772551 0.501108578331 0.649533438546
31.945556445156125 -0.906682495446 -0.465624673242 0.524858132911 0.536271949569
31.985588470776623 -0.922595101499 -0.328712701106 0.543992801131 0.419126412515
32.02562049639712 -0.932955536147 -0.188431437642 0.558375864821 0.299045456343
32.065652522017615 -0.937652500555 -0.0459681895193 0.567909776659 0.177034067831
32.10568454763811 -0.936623226769 0.0974442985076 0.572538050792 0.0541350662503
32.1457165732586 -0.929854748779 0.240553477775 0.572246340625 -0.0685913455742
32.1857485988791 -0.91738421528 0.382113491466 0.567062750597 -0.190088773259
32.2257806244996 -0.899298066932 0.52091159367 0.557057238898 -0.309325836718
32.2658126501201 -0.875730218503 0.655792700998 0.542340219319 -0.425315970381
32.305844675740595 -0.84685930829 0.785680895241 0.523060408729 -0.537134878152
32.34587670136109 -0.812905156285 0.909596776065 0.499402029242 -0.643934765789
32.38590872698158 -0.774124651323 1.02667021277 0.471581538494 -0.744954979166
32.42594075260208 -0.730807188736 1.13614760156 0.439843980119 -0.839528334663
32.46597277822258 -0.683269955327 1.23739412701 0.40445919035 -0.927083514698
32.506004803843076 -0.631853209672 1.32989106457 0.365717976177 -1.00714354766
32.546036829463574 -0.576915770149 1.41322875824 0.323928433012 -1.07932085876
32.586068855084065 -0.518830845163 1.48709623551 0.279412509888 -1.14330964267
32.62610088070456 -0.457982258758 1.55126899785 0.232502868706 -1.19887676915
32.66613290632506 -0.394761430004 1.60559241124 0.183540300198 -1.24584916497
32.70616493194556 -0.329564762565 1.6499693252 0.132871470543 -1.28410451476
32.746196957566056 -0.262791672344 1.68434437896 0.0808471341123 -1.31355929668
32.78622898318655 -0.194843142415 1.70869148752 0.0278207545681 -1.33415929667
32.826261008807045 -0.126120810068 1.72300314221 -0.025852472468 -1.34587153509
32.86629303442754 -0.0570263803705 1.72728207163 -0.0798163520855 -1.34867801011
32.90632506004804 0.01203865284 1.7215363226 -0.133714192759 -1.34257211613
32.94635708566854 0.0806732049235 1.70577789707 -0.187189255531 -1.32755784881
32.98638911128903 0.148476774298 1.68002446322 -0.239885196205 -1.30365139428
33.026421136909526 0.215049771135 1.64430462671 -0.291446638143 -1.27088549553
33.066453162530024 0.279994099969 1.59866619986 -0.341519952584 -1.22931613439
33.10648518815052 0.34291416294 1.54318722042 -0.389754378958 -1.1790313266
33.14651721377102 0.403418299011 1.47798867418 -0.435803486307 -1.12016119073
33.18654923939151 0.461120739661 1.40324827124 -0.479327033945 -1.05288875849
33.22658126501201 0.515644231947 1.31921550176 -0.519993380424 -0.977461700039
33.266613290632506 0.566623175271 1.2262253453 -0.557482268731 -0.894202869723
33.306645316253004 0.613707258367 1.12471029069 -0.591487993103 -0.803519396924
33.3466773418735 0.656565570579 1.01521048472 -0.621722933398 -0.705910179214
33.38670936749399 0.694891124107 0.898379324116 -0.647921380826 -0.601969607517
33.42674139311449 0.728405782625 0.774987459659 -0.669843695273 -0.492389944949
33.46677341873499 0.756863919534 0.645914155543 -0.687279286881 -0.377953665231
33.506805444355486 0.780057554278 0.512144919387 -0.700050936084 -0.2595305441
33.54683746997598 0.79781993921 0.374755148532 -0.708017684548 -0.138063717097
33.586869495596474 0.810028919523 0.234893457439 -0.711077581553 -0.0145554356149
33.62690152121697 0.81660945156 0.0937598276037 -0.709169698604 0.109951286136
33.66693354683747 0.817535100594 -0.0474188736433 -0.702275296195 0.234393051717
33.70696557245797 0.812828692961 -0.187414345431 -0.690418288876 0.357707180004
33.746997598078465 0.802561812293 -0.325022892656 -0.673664752856 0.478853168887
33.787029623698956 0.786853323408 -0.45908987687 -0.652121634639 0.596832790693
33.827061649319454 0.765866938793 -0.588531526933 -0.625934673594 0.710707964591
33.86709367493995 0.739808079807 -0.712353428168 -0.595285747312 0.819615879078
33.90712570056045 0.708919926848 -0.82966402129 -0.560389553932 0.922780002863
33.94715772618095 0.673479135011 -0.93968333497 -0.521490022499 1.01951720112
33.98718975180144 0.633791276589 -1.04174666406 -0.478856500313 1.1092407286
34.027221777421936 0.59018623967 -1.1353034257 -0.432779904908 1.19145930156
34.06725380304243 0.543013756138 -1.21991164855 -0.383568980819 1.26577262797
34.10728582866293 0.492639247475 -1.29522877117 -0.331546813954 1.33186395446
34.14731785428343 0.43943995214 -1.36100072118 -0.277047573859 1.38949123075
34.18734987990392 0.3838018507 -1.41704658549 -0.220413901204 1.43847473309
34.22738190552442 0.3261168812 -1.46324574583 -0.161994528269 1.47868669971
34.267413931144915 0.266780868809 -1.49952373515 -0.10214247548 1.51003996446
34.30744595676541 0.206191875181 -1.52583987962 -0.0412135830802 1.5324780724
34.34747798238591 0.14474910903 -1.54217578978 0.0204345078224 1.54596611995
34.38751000800641 0.0828522407262 -1.54852722137 0.0824430542272 1.55048436395
34.4275420336269 0.0209008879543 -1.54489881114 0.144452781506 1.54602418223
34.4675740592474 -0.0407056401658 -1.53130170667 0.206104252496 1.53258642636
34.507606084867895 -0.101568582893 -1.50775473628 0.267038234864 1.51018266858
34.54763811048839 -0.161290228245 -1.47428898076 0.326896295051 1.47883922291
34.58767013610889 -0.21947443777 -1.43095501693 0.38532142129 1.4386033508
34.62770216172938 -0.275727667553 -1.37783306069 0.441959064527 1.38955181571
34.66773418734988 -0.329660358235 -1.31504492463 0.496458490132 1.33180090031
34.70776621297038 -0.380888891108 -1.24276752101 0.548474602555 1.26551764916
34.747798238590875 -0.429038054018 -1.16124666638 0.597670193086 1.19093131437
34.78783026421137 -0.473744074392 -1.07081059972 0.643718657133 1.10834451107
34.82786228983186 -0.514658179367 -0.971881997109 0.686307145307 1.0181430759
34.86789431545236 -0.551450582177 -0.864987410027 0.725140062551 0.920803739644
34.90792634107286 -0.583814757488 -0.750763521068 0.759942800059 0.816899116021
34.947958366693356 -0.611471911092 -0.629959325677 0.790465619459 0.707099264069
34.987990392313854 -0.634175452193 -0.503433733159 0.816487528562 0.592169407016
35.028022417934345 -0.651715262204 -0.372147892362 0.837819975019 0.472963227664
35.06805444355484 -0.66392155041 -0.237152950141 0.854310183529 0.350412331549
35.10808646917534 -0.670668152014 -0.0995733561208 0.865844014387 0.225511965556
35.14811849479584 -0.671874990961 0.0394144063256 0.872348108389 0.0993028826018
35.188150520416336 -0.667509771472 0.178604586932 0.873791375322 -0.0271480816676
35.22818254603683 -0.657588639445 0.316787135313 0.870185602402 -0.152769322621
35.268214571657325 -0.642175839857 0.452773215917 0.861585204893 -0.276506297108
35.30824659727782 -0.621382370661 0.585419117885 0.848086116348 -0.397342078773
35.34827862289832 -0.595363757714 0.71364794966 0.829823920954 -0.514316125427
35.38831064851882 -0.564317002839 0.836467796122 0.806971267608 -0.626540154494
35.42834267413931 -0.528476867223 0.952985404478 0.779734698465 -0.733210336404
35.468374699759806 -0.488111736792 1.06241516731 0.748351098038 -0.83361559076
35.508406725380304 -0.443519216871 1.16408310955 0.713083883858 -0.927141723605
35.5484387510008 -0.395021664971 1.25742607953 0.6742191133 -1.01327154781
35.5884707766213 -0.342961861974 1.34198645238 0.632061673467 -1.09158121411
35.62850280224179 -0.287698874643 1.41740441122 0.586931611082 -1.16173447444
35.66853482786229 -0.229604473797 1.48340458999 0.539160877506 -1.22347210712
35.708566853482786 -0.169059935706 1.53978388463 0.489090395226 -1.27660224421
35.748598879103284 -0.106453488087 1.5863975645 0.43706763794 -1.32098913092
35.78863090472378 -0.0421781933046 1.62314565515 0.383444563428 -1.35654195864
35.82866293034427 0.0233695645464 1.64995969438 0.32857604254 -1.38320387298
35.86869495596477 0.0897910810695 1.66679205532 0.272818718933 -1.40094295058
35.90872698158527 0.156686046582 1.67360778412 0.216530117348 -1.40974509755
35.948759007205766 0.223652903578 1.67037903024 0.160068061934 -1.40960896454
35.98879103282626 0.290289041169 1.65708291973 0.103790251057 -1.40054357022
36.028823058446754 0.35619111424 1.63370317385 0.0480537614318 -1.38256889758
36.06885508406725 0.42095530193 1.60023452138 -0.0067853730099 -1.35571868514
36.10888710968775 0.484177921854 1.55669064202 -0.0603728356042 -1.32004604627
36.14891913530825 0.545456389657 1.50311473977 -0.112356947705 -1.27563119453
36.188951160928745 0.604390649729 1.43959236802 -0.162389938659 -1.22259097497
36.228983186549236 0.660585230178 1.36626614116 -0.210129687374 -1.16108991016
36.269015212169734 0.713651623946 1.283349496 -0.255241689665 -1.09135059366
36.30904723779023 0.763211598719 1.19114242427 -0.297401756068 -1.01366560025
36.34907926341073 0.808900848272 1.09004420819 -0.336298948434 -0.928407139326
36.38911128903123 0.85037334993 0.980564574028 -0.371639064059 -0.836035482169
36.42914331465172 0.887305503452 0.8633301282 -0.403147928515 -0.737103767068
36.469175340272216 0.919401455939 0.739088895766 -0.430575622241 -0.632261287488
36.50920736589271 0.946397836984 0.608707847755 -0.453700224418 -0.52225136448
36.54923939151321 0.968068074915 0.473165418022 -0.472331222419 -0.40790533599
36.58927141713371 0.984226796578 0.333539597856 -0.486312985294 -0.290133075593
36.62930344275421 0.994733509581 0.190990753432 -0.4955276675 -0.169909407786
36.6693354683747 0.999495477965 0.0467401086493 -0.499897476178 -0.0482571491241
36.709367493995195 0.99846972954 -0.0979548585858 -0.49938625543 0.0737722565685
36.74939951961569 0.991663796055 -0.241827462989 -0.49400007201 0.195120016127
36.78943154523619 0.979135705918 -0.38362848037 -0.483787214286 0.314740968105
36.82946357085669 0.96099270289 -0.522152526326 -0.46883718816 0.431624347175
36.86949559647718 0.937389002938 -0.656261900388 -0.449278955446 0.544812578381
36.90952762209768 0.908522645657 -0.784906920058 -0.42527845783 0.653417342958
36.949559647718175 0.874631754186 -0.907141354889 -0.397035672186 0.756631826062
36.98959167333867 0.835989931574 -1.02213417805 -0.364780981199 0.853740120056
37.02962369895917 0.792901729797 -1.12917390874 -0.328771593782 0.944120837409
37.06965572457966 0.745697761672 -1.22766935192 -0.2892876759 1.02724794418
37.10968775020016 0.694729964385 -1.31714504477 -0.246628589682 1.102687473
37.14971977582066 0.640367152049 -1.39723261174 -0.201109346188 1.17009106721
37.189751801441155 0.582990843727 -1.46766012266 -0.153057265167 1.22918798098
37.22978382706165 0.522991840299 -1.52823638095 -0.102809197148 1.27977316868
37.26981585268214 0.460767179604 -1.57883769663 -0.0507090361635 1.32169732541
37.30984787830264 0.396717776895 -1.61939245799 0.00289425297168 1.3548552541
37.34987990392314 0.331246573975 -1.64986755093 0.0576482260269 1.37917571351
37.389911929543636 0.26475728984 -1.67025582628 0.113198101899 1.39461214111
37.429943955164134 0.197653584891 -1.6805662226 0.169187601636 1.40113548445
37.469975980784625 0.130338563365 -1.68081687887 0.225259547075 1.39872941181
37.51000800640512 0.0632144735106 -1.6710314758 0.28105632906 1.38738808992
37.55004003202562 -0.00331746031016 -1.65123881271 0.33622029844 1.36711652526
37.59007205764612 -0.068857349508 -1.62147606072 0.390394298526 1.33793379704
37.630104083266616 -0.133007045431 -1.58179492738 0.443222295215 1.29987856734
37.67013610888711 -0.195370907032 -1.53227084178 0.494350319918 1.25301693632
37.710168134507605 -0.255556977128 -1.47301447453 0.543427758177 1.19745207599
37.7502001601281 -0.31317865197 -1.40418487687 0.59010904736 1.13333505366
37.7902321857486 -0.367856908823 -1.32600349828 0.634055831609 1.06087623049
37.8302642113691 -0.419223094198 -1.23876818348 0.67493957121 0.980356502933
37.87029623698959 -0.466922180568 -1.14286574568 0.712444515262 0.892137241956
37.910328262610086 -0.510616572888 -1.0387828879 0.746271116201 0.796668735802
37.950360288230584 -0.549990317329 -0.927114224896 0.776139754164 0.694496134878
37.99039231385108 -0.58475352424 -0.808566138495 0.801794603384 0.586261870978
38.03042433947158 -0.614646816805 -0.683956223361 0.823007487482 0.472704379854
38.07045636509207 -0.639445599688 -0.554207885873 0.839581551016 0.354652794862
38.11048839071257 -0.658964163845 -0.420340400788 0.851354768505 0.233017854649
38.150520416333066 -0.673059504918 -0.283452718107 0.858203182562 0.108777591716
38.190552441953564 -0.681633749332 -0.144705207683 0.860042940895 -0.0170384984229
38.23058446757406 -0.684636376628 -0.00529657063569 0.856832149909 -0.143369374792
38.27061649319455 -0.682065211371 0.133560636449 0.848571673301 -0.269143396077
38.31064851881505 -0.673966592744 0.270665255908 0.835305231646 -0.393299860657
38.35068054443555 -0.660433930833 0.404851921872 0.817118108375 -0.514809743097
38.390712570056046 -0.641606263335 0.535013998041 0.794135887532 -0.632695195691
38.43074459567654 -0.617665874827 0.660124022407 0.766522392507 -0.74604694266
38.470776621297034 -0.588833945238 0.779248320228 0.73447590735 -0.854036712621
38.51080864691753 -0.555367011065 0.891558495397 0.698226131342 -0.955927108131
38.55084067253803 -0.517552713208 0.996337195594 0.658030505989 -1.05107664882
38.59087269815853 -0.475704888141 1.09298004544 0.614169971763 -1.13894164194
38.630904723779025 -0.430159545171 1.18099118767 0.56694547863 -1.21907265535
38.67093674939952 -0.381270443643 1.25997661751 0.51667413683 -1.29110917766
38.710968775020014 -0.329405244727 1.32963369319 0.463685845687 -1.35477104727
38.75100080064051 -0.274942148227 1.3897385212 0.408320318577 -1.4098480837
38.79103282626101 -0.218266860376 1.44013270108 0.350924381089 -1.4561891608
38.83106485188151 -0.159770443068 1.48070898277 0.291849996015 -1.49369031077
38.871096877502005 -0.0998473883334 1.51139836958 0.231452477666 -1.52228401054
38.911128903122496 -0.0388943870234 1.53215828147 0.170089282654 -1.54192929225
38.95116092874299 0.0226904880886 1.54296360156 0.108119149294 -1.55260419839
38.99119295436349 0.0845084500295 1.54379944952 0.0459013640998 -1.55429964812
39.03122497998399 0.146160194282 1.53465862475 -0.0162045707042 -1.54701711355
39.07125700560449 0.207246296911 1.51554056929 -0.0778394329845 -1.53076754666
39.11128903122498 0.267367509339 1.48645488802 -0.138644686735 -1.50557407356
39.151321056845475 0.326125248983 1.44742704854 -0.198263008125 -1.47147632896
39.19135308246597 0.383122460992 1.39850825709 -0.256339159534 -1.42853848061
39.23138510808647 0.437964848401 1.33978641869 -0.312521115487 -1.37685794718
39.27141713370697 0.490262422757 1.27139782661 -0.366461426823 -1.31657472598
39.31144915932746 0.539632035647 1.19354413236 -0.417819474547 -1.24788530811
39.35148118494796 0.585700161793 1.10650498396 -0.466263830742 -1.17105279609
39.391513210568455 0.628105796528 1.01064821201 -0.511474693894 -1.08641506352
39.43154523618895 0.666505355977 0.906448097748 -0.553148116595 -0.994399837004
39.47157726180945 0.700576140395 0.794487030607 -0.590998846089 -0.895525808408
39.51160928742994 0.73002097402 0.675461666136 -0.624764248108 -0.790407696805
39.55164131305044 0.754573156094 0.550182914564 -0.654208472864 -0.679756230478
39.59167333867094 0.774000132459 0.419571245916 -0.679125539283 -0.564374288556
39.631705364291435 0.788108424456 0.284646745608 -0.699343482791 -0.445148747185
39.67173738991193 0.796747351017 0.146512701798 -0.714727501811 -0.323037007903
39.71176941553242 0.799811617283 0.00633775064722 -0.725182163667 -0.199052310471
39.75180144115292 0.797243688544 -0.134667803006 -0.730653444403 -0.0742442283935
39.79183346677342 0.789034870964 -0.275276272117 -0.731129696104 0.0503214026374
39.831865492393916 0.775225529364 -0.414268706649 -0.72664190263 0.173584142322
39.871897518014414 0.755904219826 -0.550460184269 -0.717263032354 0.294510019307
39.911929543634905 0.731205891265 -0.682723204962 -0.703106612504 0.412111148994
39.9519615692554 0.701309075649 -0.810009071689 -0.684324456132 0.525463823766
39.9919935948759 0.666432466267 -0.931363231199 -0.661103858952 0.633721719242
40.0320256204964 0.626830869019 -1.04593758605 -0.63366425917 0.736126722476
40.072057646116896 0.58279078744 -1.15299698176 -0.602253563742 0.832015042175
40.11208967173739 0.534625863422 -1.25192095305 -0.567144325505 0.920819470458
40.152121697357884 0.482672365994 -1.3422018883 -0.528629933201 1.00206871088
40.19215372297838 0.427284627776 -1.42343454398 -0.487020697597 1.07537965024
40.23218574859888 0.368831406509 -1.49530898862 -0.442640701682 1.14045230771
40.27221777421938 0.307692160267 -1.55759602954 -0.395824522839 1.1970586333
40.31224979983987 0.244254116942 -1.61013385019 -0.346914592274 1.24503215714
40.352281825460366 0.178909901061 -1.65281345616 -0.296258983126 1.2842565895
40.392313851080864 0.112055675023 -1.68556456192 -0.244209602326 1.3146546482
40.43234587670136 0.0440898415593 -1.70834347985 -0.191120829624 1.33617837745
40.47237790232186 -0.0245878146125 -1.72112311952 -0.137348512179 1.34880108224
40.51240992794235 -0.093576585539 -1.72388517654 -0.0832492784091 1.35251091011
40.55244195356285 -0.162475193067 -1.71661657838 -0.0291799499679 1.34730777711
40.592473979183346 -0.230881888143 -1.69930810178 0.0245028373988 1.33320194195
40.632506004803844 -0.298394672236 -1.67195717038 0.0774430937292 1.31021587002
40.67253803042434 -0.364611676795 -1.63457388565 0.129286050655 1.27838863862
40.71257005604484 -0.429131856118 -1.58719009297 0.179678969489 1.237782702
40.75260208166533 -0.491556028063 -1.52987018431 0.228272162465 1.1884918617
40.79263410728583 -0.551488434483 -1.46272467251 0.274720464959 1.13065164323
40.832666132906326 -0.608538930931 -1.38592567951 0.318685195841 1.06445111886
40.87269815852682 -0.662325824545 -1.29972212242 0.359836598826 0.990144402223
40.91273018414732 -0.712479075875 -1.20445222652 0.397856465303 0.908059820202
40.95276220976781 -0.758644185942 -1.10055664864 0.432441375949 0.818609819694
40.99279423538831 -0.800486497241 -0.988588032373 0.463306219907 0.722297959558
41.03282626100881 -0.837695776051 -0.869216912146 0.490187905358 0.619722986393
41.072858286629305 -0.869991116499 -0.743233018105 0.512849305654 0.511579271193
41.1128903122498 -0.897125687555 -0.611541663051 0.531083057815 0.398653396496
41.152922337870294 -0.918890848711 -0.475154018939 0.544714831234 0.281815994691
41.19295436349079 -0.935120406573 -0.335173728173 0.553606705389 0.162010647689
41.23298638911129 -0.945693912422 -0.192777867904 0.5576597584 0.0402384223853
41.27301841473179 -0.950539091113 -0.0491941051074 0.55681595769 -0.0824605348775
41.313050440352285 -0.949633448776 0.0943241383322 0.551059389475 -0.205026931238
41.353082465972776 -0.943004715039 0.236524604882 0.540416554034 -0.326403822325
41.39311449159327 -0.930730284479 0.376182732164 0.524955864094 -0.445557743934
41.43314651721377 -0.912935601025 0.512126667683 0.504786302116 -0.561498586437
41.47317854283427 -0.889791555065 0.643259817377 0.480055293122 -0.673297467325
41.51321056845477 -0.861511160901 0.768579122305 0.450946009275 -0.780101198976
41.55324259407526 -0.828345494071 0.887188572419 0.41767408824 -0.881142962464
41.593274619695755 -0.790579191608 0.998307931153 0.380484006089 -0.975749184343
41.63330664531625 -0.748525718738 1.10127598611 0.339645266683 -1.06334209066
41.67333867093675 -0.70252265321 1.19554892433 0.295448605799 -1.14343842618
41.71337069655725 -0.652927093557 1.28069425146 0.248202292323 -1.21564467689
41.75340272217774 -0.600111383303 1.35638108695 0.198228677046 -1.27964946528
41.79343474779824 -0.544459276179 1.42236792573 0.145861086665 -1.33521398864
41.833466773418735 -0.486362651778 1.4784885092 0.0914411473347 -1.38216101899
41.87349879903923 -0.426218737829 1.52463736305 0.0353165013562 -1.42036369315
41.91353082465973 -0.364427983938 1.56075532445 -0.0221609722848 -1.44973436867
41.95356285028022 -0.301392597527 1.58681632056 -0.0806364279608 -1.47021454715
41.99359487590072 -0.237515336 1.60281656888 -0.139753135095 -1.48176676082
42.03362690152122 -0.173198775702 1.60876606492 -0.199153202392 -1.48436834872
42.073658927141715 -0.10884491718 1.60468308838 -0.258478058758 -1.47800769282
42.11369095276221 -0.0448549203777 1.59059195119 -0.317368854789 -1.46268307343
42.1537229783827 0.0183711746429 1.56652401669 -0.37546690073 -1.43840415566
42.1937550040032 0.0804348007304 1.5325223451 -0.432414193547 -1.40519638902
42.2337870296237 0.140939462561 1.48864934115 -0.487854167909 -1.36310779831
42.273819055244196 0.199491705668 1.43499686186 -0.54143276857 -1.31221770987
42.313851080864694 0.255702539746 1.37169828553 -0.592799910216 -1.25264699161
42.353883106485185 0.309189370262 1.29894191578 -0.641611366163 -1.18456928205
42.39391513210568 0.359578472879 1.21698487113 -0.687531109929 -1.10822250173
42.43394715772618 0.406508016369 1.12616646236 -0.730234109091 -1.02391982086
42.47397918334668 0.449631597164 1.0269200407 -0.769409535759 -0.932059242189
42.514011208967176 0.488622203305 0.919782352649 -0.804764321011 -0.833131004265
42.55404323458767 0.523176487155 0.80539952135 -0.836026949125 -0.727722082155
42.594075260208164 0.553019194708 0.684529031906 -0.862951362092 -0.616517281554
42.63410728582866 0.577907589801 0.558037149632 -0.885320836541 -0.500296462031
42.67413931144916 0.597635722888 0.426889846928 -0.902951698048 -0.37992628063
42.71417133706966 0.612038029943 0.292141570836 -0.915696459438 -0.256350137714
42.754203362690156 0.620992693879 0.15491788037 -0.92344672794 -0.130572959076
42.794235388310646 0.62442401951 0.0163946936076 -0.926135258799 -0.00364314461716
42.834267413931144 0.622304018193 -0.122225157462 -0.923737321297 0.123367735635
42.87429943955164 0.614652968703 -0.259736897887 -0.916271179966 0.249386519365
42.91433146517214 0.601539000675 -0.394958619621 -0.903797731369 0.373359883689
42.95436349079264 0.583076702294 -0.526755161028 -0.886419297478 0.494275001186
42.99439551641313 0.559424784987 -0.654059403415 -0.864277602112 0.611178026932
43.034427542033626 0.530783130685 -0.775889315582 -0.837551209441 0.72318898943
43.074459567654124 0.497388819063 -0.891363028968 -0.806452071305 0.829515103162
43.11449159327462 0.459512199479 -0.999705368259 -0.771222100776 0.929456782482
43.15452361889512 0.41745242114 -1.10025247867 -0.732129259956 1.02241212726
43.19455564451561 0.371532988658 -1.1924505077 -0.689463648776 1.10787634619
43.23458767013611 0.322097475153 -1.27585013748 -0.643533704888 1.18543765428
43.274619695756606 0.269505448783 -1.35009832612 -0.594662568389 1.25477077449
43.3146517213771 0.214128905074 -1.41492617379 -0.543184848488 1.31562708373
43.3546837469976 0.15634912863 -1.47013515897 -0.489443740122 1.36782331192
43.39471577261809 0.0965541836457 -1.51558466744 -0.433788669561 1.41123122721
43.43474779823859 0.0351368223282 -1.55117789072 -0.376573277392 1.44576582204
43.47477982385909 -0.0275070013925 -1.57684923544 -0.318153913186 1.47137466061
43.514811849479585 -0.0909791317347 -1.59255398341 -0.258888545346 1.4880289875
43.55484387510008 -0.154879924016 -1.59826037852 -0.199135923366 1.49571673968
43.594875900720574 -0.218808626045 -1.59394449103 -0.139255033128 1.49443777778
43.63490792634107 -0.282363618165 -1.57958844655 -0.0796046913149 1.48420182224
43.67493995196157 -0.345142761636 -1.55518226768 -0.0205430780109 1.46502931408
43.71497197758207 -0.406743734591 -1.52072863265 0.0375726966942 1.43695462356
43.755004003202565 -0.466764708583 -1.4762508957 0.094387274968 1.40003192988
43.795036028823056 -0.524805361304 -1.42180355247 0.14954797972 1.35434311388
43.83506805444355 -0.580468393626 -1.35748523114 0.20270613468 1.30000769993
43.87510008006405 -0.633361574844 -1.28345274578 0.253518785193 1.23719372671
43.91513210568455 -0.683100411922 -1.19993589089 0.301650906556 1.16612926483
43.95516413130505 -0.729311192416 -1.10725078101 0.346777895776 1.08711285254
43.99519615692554 -0.771634870405 -1.00581338496 0.388588736828 1.00052411725
44.035228182546035 -0.809731202405 -0.896149236291 0.426789352988 0.906831430198
44.07526020816653 -0.84328329815 -0.778900182973 0.461106290282 0.806597244172
44.11529223378703 -0.872002340426 -0.654826719355 0.491290534177 0.700479955068
44.15532425940753 -0.895632297239 -0.52480546252 0.517121321146 0.589231928894
44.19535628502802 -0.913954433864 -0.389821455634 0.538409792789 0.473693428371
44.23538831064852 -0.926791356498 -0.250955644755 0.555002278154 0.354782700883
44.275420336269015 -0.934010681666 -0.109366522996 0.566783284361 0.233481415801
44.31545236188951 -0.935527569585 0.0337309726398 0.573677579493 0.110817877323
44.35548438751001 -0.931306545637 0.177090523724 0.575651711062 -0.0121529492221
44.3955164131305 -0.921362201715 0.31946029762 0.572714629004 -0.134370113831
44.435548438751 -0.905758903254 0.459609924955 0.56491751439 -0.254788311824
44.4755804643715 -0.884609397137 0.596355956755 0.552352724298 -0.372398383241
44.515612489991994 -0.858072538232 0.728584360893 0.535152023535 -0.48624552772
44.55564451561249 -0.826349972435 0.855271139952 0.513483974776 -0.595446129233
44.59567654123298 -0.789682337243 0.975495845152 0.487550921805 -0.699198969962
44.63570856685348 -0.748344860294 1.08845195455 0.457585477797 -0.796794033607
44.67574059247398 -0.702642690378 1.19345121771 0.423846775909 -0.88761654937
44.715772618094476 -0.652906168402 1.28992309908 0.386616648347 -0.97114717084
44.755804643714974 -0.599486203661 1.37741099034 0.346195870597 -1.04695959276
44.79583666933547 -0.542749802675 1.45555999611 0.302900480669 -1.11471149986
44.83586869495596 -0.483076372006 1.52410811824 0.25705871522 -1.17413815115
44.87590072057646 -0.420854184658 1.58287078126 0.209008033324 -1.22504068671
44.91593274619696 -0.356477571358 1.63172677871 0.159092701854 -1.26727550276
44.955964771817456 -0.290344715751 1.67060341547 0.107661835385 -1.30074297769
44.995996797437954 -0.222855971685 1.69946260784 0.0550678319834 -1.32537689849
45.036028823058444 -0.154412722227 1.71828919835 0.00166522048475 -1.34113559532
45.07606084867894 -0.0854166493745 1.72708176025 -0.0521901791565 -1.34799502772
45.11609287429944 -0.0162693660225 1.72584584142 -0.106141825452 -1.34594375349
45.15612489991994 0.0526278704983 1.71459134271 -0.159832970908 -1.3349811412
45.196156925540436 0.120874261637 1.69333247611 -0.21290704399 -1.31511757863
45.236188951160926 0.188069723739 1.66209162785 -0.265008160004 -1.28637773548
45.276220976781424 0.253815352742 1.6209063954 -0.315781808634 -1.24880631046
45.31625300240192 0.317714201328 1.56983915641 -0.364875782172 -1.20247561377
45.35628502802242 0.37937252906 1.50898931093 -0.411941490791 -1.14749532366
45.39631705364292 0.438401509626 1.43850675164 -0.456635634075 -1.0840231536
45.43634907926341 0.494419623371 1.35860694921 -0.498622432272 -1.01227664791
45.476381104883906 0.5470554666 1.26958430001 -0.537576129843 -0.932543309229
45.516413130504404 0.595951258797 1.17182594045 -0.573184087595 -0.845191306822
45.5564451561249 0.640766769764 1.06582237649 -0.605150165275 -0.75067735046
45.5964771817454 0.681183276158 0.952174743443 -0.633198092035 -0.64955186767
45.63650920736589 0.716909154102 0.831601876899 -0.657076199425 -0.542463738193
45.67654123298639 0.747683312348 0.704934165204 -0.676560227903 -0.430154721052
45.716573258606886 0.773280192386 0.573111087839 -0.691457514224 -0.313456521418
45.75660528422738 0.793513887634 0.437169693555 -0.701610366072 -0.193280675396
45.79663730984788 0.808241674659 0.298228424848 -0.706898933598 -0.0706047281001
45.83666933546837 0.817366921008 0.157467407052 -0.707243558988 0.0535444118749
45.87670136108887 0.820841100541 0.0161050886246 -0.702606370897 0.178109982824
45.91673338670937 0.818664765205 -0.124627177116 -0.692992013162 0.302026448834
45.956765412329865 0.81088761775 -0.263510904377 -0.678447629626 0.424240785879
45.99679743795036 0.797607448159 -0.399365895481 -0.659061911739 0.543733381341
46.036829463570854 0.778968119813 -0.531073401959 -0.634963366458 0.659537022872
46.07686148919135 0.755156739409 -0.657596296173 -0.60631791577 0.770753396197
46.11689351481185 0.7264000221 -0.777994782614 -0.573325838525 0.87656590502
46.15692554043235 0.692960158591 -0.891437425831 -0.536218306498 0.976248653559
46.196957566052845 0.655130347806 -0.99720712864 -0.49525364817 1.06917130757
46.236989591673336 0.613230179647 -1.09470209978 -0.450713490601 1.15479987811
46.27702161729383 0.567601078858 -1.18343223729 -0.402898951243 1.23269378609
46.31705364291433 0.518601983487 -1.26301143478 -0.352127019729 1.30249962844
46.35708566853483 0.46660537043 -1.33314705812 -0.298727220798 1.36394266391
46.39711769415533 0.411993737692 -1.39362764526 -0.243038646187 1.41681688122
46.43714971977582 0.355156729518 -1.44430650861 -0.185407506006 1.46097177233
46.477181745396315 0.296488751186 -1.48509083775 -0.126185072923 1.49630359176
46.51721377101681 0.236387105199 -1.51592629994 -0.0657260457885 1.52274299795
46.55724579663731 0.175250669431 -1.53678575508 -0.00438734664985 1.54024606793
46.59727782225781 0.113479038358 -1.54765990745 0.0574727152623 1.54878692459
46.6373098478783 0.0514719398488 -1.54855014585 0.119495063591 1.54835215843
46.6773418734988 -0.0103710832518 -1.53946492724 0.181320270623 1.5389381598
46.717373899119295 -0.0716509802105 -1.52041965031 0.242588975031 1.52055131678
46.75740592473979 -0.131969476833 -1.49143937305 0.302942293497 1.4932105345
46.79743795036029 -0.190929622172 -1.45256502759 0.362022458951 1.45695260916
46.83746997598078 -0.248136556542 -1.40386229009 0.419473650406 1.41183975966
46.87750200160128 -0.303198726223 -1.34543279914 0.474943199184 1.357969058
46.91753402722178 -0.355729575314 -1.27742705224 0.528083195019 1.29548319986
46.957566052842274 -0.405349776256 -1.20005818976 0.578552540849 1.22458195842
46.99759807846277 -0.45169002134 -1.11361577187 0.626019472684 1.14553357936
47.03763010408327 -0.494394339321 -1.01847852467 0.670164512678 1.05868526998
47.07766212970376 -0.533123887611 -0.915125129447 0.71068381235 0.964472013976
47.11769415532426 -0.567561138923 -0.804141851021 0.747292816072 0.863422711886
47.157726180944756 -0.597414240965 -0.686227096733 0.779730061311 0.756163737871
47.197758206565254 -0.622421534038 -0.562190505009 0.807761097452 0.643417899935
47.23779023218575 -0.642355976609 -0.432948908036 0.831182320213 0.526000776693
47.27782225780624 -0.657029152406 -0.299513784274 0.849824436348 0.404809916203
47.31785428342674 -0.66629482944 -0.162978748623 0.863555552551 0.280814057792
47.35788630904724 -0.67005188817 -0.0244994784839 0.872283714656 0.15503600104
47.397918334667736 -0.668246331059 0.114728480177 0.875958667409 0.0285336679378
47.437950360288234 -0.660872419503 0.253494081333 0.874572868705 -0.0976206974399
47.477982385908724 -0.647972773541 0.390596064146 0.868161617691 -0.222362149855
47.51801441152922 -0.629637501224 0.524867658783 0.856802351969 -0.34465423914
47.55804643714972 -0.606002340716 0.655199501457 0.840613095822 -0.463508777023
47.59807846277022 -0.577245954724 0.780559422258 0.819750174246 -0.578003052684
47.638110488390716 -0.543586503287 0.900008206874 0.794405295212 -0.687293739895
47.678142514011206 -0.505277704947 1.01271095844 0.764802175721 -0.790627166927
47.718174539631704 -0.462604491335 1.11794312931 0.731192793877 -0.887345160343
47.7582065652522 -0.415878561594 1.21509190926 0.693853526886 -0.976887004667
47.7982385908727 -0.365433956472 1.30365295756 0.653081273303 -1.0587874874
47.8382706164932 -0.311622851751 1.38322319004 0.609189728477 -1.13267159513
47.87830264211369 -0.254811728808 1.45349031337 0.562505946588 -1.19824640828
47.918334667734186 -0.195377852418 1.51422104403 0.513367144249 -1.25529182784
47.958366693354684 -0.133706599318 1.56524573143 0.462118172733 -1.30364810145
47.99839871897518 -0.0701890423789 1.60644565589 0.409109217223 -1.34320552146
48.03843074459568 -0.0052202408119 1.63773922513 0.354694061997 -1.37389301266
48.07846277021617 0.0608020607481 1.65907062125 0.299228700869 -1.39566860716
48.11849479583667 0.127478222186 1.67039992914 0.243070375512 -1.40851099919
48.158526821457166 0.194407195775 1.67169639364 0.186576878988 -1.41241354431
48.19855884707766 0.261186822333 1.66293492148 0.130106038763 -1.40738079848
48.23859087269816 0.327414055288 1.64409584059 0.0740152845991 -1.39342763
48.27862289831865 0.392685183852 1.61516802134 0.0186612445983 -1.37058099001
48.31865492393915 0.456596373182 1.57615548236 -0.035600881821 -1.33888447001
48.35868694955965 0.518744387554 1.52708669273 -0.0884180688561 -1.29840499655
48.398718975180145 0.578727802157 1.46802643087 -0.139440571203 -1.24924158896
48.43875100080064 0.636148745158 1.399089642 -0.188323423862 -1.19153573174
48.478783026421134 0.69061519629 1.32045615267 -0.234728360904 -1.1254824627
48.51881505204163 0.741743881406 1.23238552358 -0.278326184228 -1.051341615
48.55884707766213 0.789163749914 1.13523099046 -0.318799573908 -0.969448387122
48.59887910328263 0.832519978781 1.02945142303 -0.355846297698 -0.880222400276
48.638911128903125 0.871478358051 0.915620465802 -0.389182708689 -0.784174582776
48.678943154523616 0.905730051362 0.794431636272 -0.418547524452 -0.681910928455
48.71897518014411 0.934996401286 0.666698701406 -0.443705634025 -0.574132584702
48.75900720576461 0.959033664398 0.533351055863 -0.464451841876 -0.461632055924
48.79903923138511 0.977637456972 0.395423824942 -0.480614378594 -0.345285301666
48.83907125700561 0.990646709589 0.254042832055 -0.492058021425 -0.226039834908
48.8791032826261 0.997946975659 0.110405174836 -0.498686704285 -0.104899397665
48.919135308246595 0.999472666757 -0.0342453006896 -0.500445281714 0.0170953420712
48.95916733386709 0.995208541587 -0.178642536454 -0.49732070702 0.138886105428
48.99919935948759 0.985190033811 -0.321526149953 -0.489342294657 0.259418937134
49.03923138510809 0.96950246997 -0.46166788246 -0.476581111394 0.377665019088
49.079263410728586 0.948279281449 -0.597896889461 -0.459148574085 0.492640596132
49.11929543634908 0.921699245935 -0.729121669708 -0.437194282818 0.603424283758
49.159327461969575 0.889982943072 -0.854348026 -0.410903232767 0.709171294814
49.19935948759007 0.853388597435 -0.972692077705 -0.380492539069 0.809123815631
49.23939151321057 0.812207413139 -1.08338827887 -0.346207756201 0.902617499089
49.27942353883107 0.766758862777 -1.18579174121 -0.308319151462 0.989083528552
49.31945556445156 0.717385845949 -1.27937574632 -0.267117866616 1.06804694383
49.35948759007206 0.664450107448 -1.36372510481 -0.222912270916 1.13912174474
49.399519615692554 0.608327923879 -1.43852590175 -0.176024512448 1.20200319346
49.43955164131305 0.549406338385 -1.50355234093 -0.126787483889 1.25645787879
49.47958366693355 0.488079898963 -1.55865251976 -0.0755421670105 1.30231297867
49.51961569255404 0.42474800301 -1.60373330952 -0.0226354359439 1.33944485098
49.55964771817454 0.359812856051 -1.63874590862 0.0315816769377 1.36776819089
49.599679743795036 0.293677943237 -1.663672781 0.0867553330085 1.38722631313
49.639711769415534 0.226747011156 -1.67851657837 0.142529861345 1.39778302506
49.67974379503603 0.159423454638 -1.68329195283 0.198548438042 1.39941680474
49.71977582065652 0.0921099073086 -1.67802014651 0.254453630207 1.39211718759
49.75980784627702 0.025208079985 -1.66272737316 0.309887771873 1.37588415451
49.79983987189752 -0.0408814970865 -1.63744624072 0.364493441268 1.35072992158
49.839871897518016 -0.105759798473 -1.60222072396 0.417914017899 1.31668351503
49.879903923138514 -0.169029916449 -1.55711406981 0.469794492609 1.27379762977
49.919935948759004 -0.23029803174 -1.50221932068 0.519782583786 1.22215750137
49.9599679743795 -0.289174857429 -1.43767177411 0.567530248249 1.16189122674
50.0 -0.345277594068 -1.36366280586 0.612695613632 1.09318106172
